{
    "lambda_values": [
        0.1,
        0.11034482758620691,
        0.1206896551724138,
        0.1310344827586207,
        0.1413793103448276,
        0.1517241379310345,
        0.1620689655172414,
        0.1724137931034483,
        0.1827586206896552,
        0.1931034482758621,
        0.20344827586206898,
        0.2137931034482759,
        0.2241379310344828,
        0.23448275862068968,
        0.24482758620689657,
        0.2551724137931035,
        0.2655172413793104,
        0.27586206896551724,
        0.28620689655172415,
        0.29655172413793107,
        0.306896551724138,
        0.3172413793103449,
        0.32758620689655177,
        0.33793103448275863,
        0.34827586206896555,
        0.35862068965517246,
        0.3689655172413794,
        0.3793103448275863,
        0.3896551724137931,
        0.4
    ],
    "B": [
        [
            1.9599576982721363,
            0.757880151597405,
            0.8678096286603009,
            0.15446244362497996,
            0.0,
            0.0,
            0.0,
            0.0,
            0.0,
            0.0,
            0.0,
            0.0,
            0.0,
            0.0,
            0.0,
            0.0,
            0.0,
            0.0,
            0.0,
            0.0,
            0.0,
            0.0,
            0.0,
            0.0,
            0.0,
            0.0,
            0.0,
            0.0,
            0.0,
            0.0
        ],
        [
            0.757880151597405,
            1.9599576982721363,
            0.8713017097206758,
            0.2736251172295286,
            0.7081431285289516,
            0.0,
            0.0,
            0.0,
            0.0,
            0.0,
            0.0,
            0.0,
            0.0,
            0.0,
            0.0,
            0.0,
            0.0,
            0.0,
            0.0,
            0.0,
            0.0,
            0.0,
            0.0,
            0.0,
            0.0,
            0.0,
            0.0,
            0.0,
            0.0,
            0.0
        ],
        [
            0.8678096286603009,
            0.8713017097206758,
            1.9599576982721363,
            0.38906717194126494,
            0.7893922955880951,
            0.4644090349551938,
            0.0,
            0.0,
            0.0,
            0.0,
            0.0,
            0.0,
            0.0,
            0.0,
            0.0,
            0.0,
            0.0,
            0.0,
            0.0,
            0.0,
            0.0,
            0.0,
            0.0,
            0.0,
            0.0,
            0.0,
            0.0,
            0.0,
            0.0,
            0.0
        ],
        [
            0.15446244362497996,
            0.2736251172295286,
            0.38906717194126494,
            1.9599576982721363,
            0.3769163516628997,
            0.2674950242554389,
            0.14002335194747806,
            0.0,
            0.0,
            0.0,
            0.0,
            0.0,
            0.0,
            0.0,
            0.0,
            0.0,
            0.0,
            0.0,
            0.0,
            0.0,
            0.0,
            0.0,
            0.0,
            0.0,
            0.0,
            0.0,
            0.0,
            0.0,
            0.0,
            0.0
        ],
        [
            0.0,
            0.7081431285289516,
            0.7893922955880951,
            0.3769163516628997,
            1.9599576982721363,
            0.19526859751368422,
            0.2730150597668536,
            0.447349335015513,
            0.0,
            0.0,
            0.0,
            0.0,
            0.0,
            0.0,
            0.0,
            0.0,
            0.0,
            0.0,
            0.0,
            0.0,
            0.0,
            0.0,
            0.0,
            0.0,
            0.0,
            0.0,
            0.0,
            0.0,
            0.0,
            0.0
        ],
        [
            0.0,
            0.0,
            0.4644090349551938,
            0.2674950242554389,
            0.19526859751368422,
            1.9599576982721363,
            0.834440303458869,
            0.865931372845132,
            0.336944405803857,
            0.0,
            0.0,
            0.0,
            0.0,
            0.0,
            0.0,
            0.0,
            0.0,
            0.0,
            0.0,
            0.0,
            0.0,
            0.0,
            0.0,
            0.0,
            0.0,
            0.0,
            0.0,
            0.0,
            0.0,
            0.0
        ],
        [
            0.0,
            0.0,
            0.0,
            0.14002335194747806,
            0.2730150597668536,
            0.834440303458869,
            1.9599576982721363,
            0.8995071672262598,
            0.28737992362940395,
            0.16252991491448202,
            0.0,
            0.0,
            0.0,
            0.0,
            0.0,
            0.0,
            0.0,
            0.0,
            0.0,
            0.0,
            0.0,
            0.0,
            0.0,
            0.0,
            0.0,
            0.0,
            0.0,
            0.0,
            0.0,
            0.0
        ],
        [
            0.0,
            0.0,
            0.0,
            0.0,
            0.447349335015513,
            0.865931372845132,
            0.8995071672262598,
            1.9599576982721363,
            0.701665111227063,
            0.3578428496730339,
            0.6068941512860263,
            0.0,
            0.0,
            0.0,
            0.0,
            0.0,
            0.0,
            0.0,
            0.0,
            0.0,
            0.0,
            0.0,
            0.0,
            0.0,
            0.0,
            0.0,
            0.0,
            0.0,
            0.0,
            0.0
        ],
        [
            0.0,
            0.0,
            0.0,
            0.0,
            0.0,
            0.336944405803857,
            0.28737992362940395,
            0.701665111227063,
            1.9599576982721363,
            0.12370041865356765,
            0.5226805425614475,
            0.8211356786465337,
            0.0,
            0.0,
            0.0,
            0.0,
            0.0,
            0.0,
            0.0,
            0.0,
            0.0,
            0.0,
            0.0,
            0.0,
            0.0,
            0.0,
            0.0,
            0.0,
            0.0,
            0.0
        ],
        [
            0.0,
            0.0,
            0.0,
            0.0,
            0.0,
            0.0,
            0.16252991491448202,
            0.3578428496730339,
            0.12370041865356765,
            1.9599576982721363,
            0.3517280751044124,
            0.1042373513680043,
            0.5487664046868342,
            0.0,
            0.0,
            0.0,
            0.0,
            0.0,
            0.0,
            0.0,
            0.0,
            0.0,
            0.0,
            0.0,
            0.0,
            0.0,
            0.0,
            0.0,
            0.0,
            0.0
        ],
        [
            0.0,
            0.0,
            0.0,
            0.0,
            0.0,
            0.0,
            0.0,
            0.6068941512860263,
            0.5226805425614475,
            0.3517280751044124,
            1.9599576982721363,
            0.33013411800383674,
            0.7796253064104988,
            0.6376680663285621,
            0.0,
            0.0,
            0.0,
            0.0,
            0.0,
            0.0,
            0.0,
            0.0,
            0.0,
            0.0,
            0.0,
            0.0,
            0.0,
            0.0,
            0.0,
            0.0
        ],
        [
            0.0,
            0.0,
            0.0,
            0.0,
            0.0,
            0.0,
            0.0,
            0.0,
            0.8211356786465337,
            0.1042373513680043,
            0.33013411800383674,
            1.9599576982721363,
            0.12540278605848051,
            0.6246320952776938,
            0.19930969715591518,
            0.0,
            0.0,
            0.0,
            0.0,
            0.0,
            0.0,
            0.0,
            0.0,
            0.0,
            0.0,
            0.0,
            0.0,
            0.0,
            0.0,
            0.0
        ],
        [
            0.0,
            0.0,
            0.0,
            0.0,
            0.0,
            0.0,
            0.0,
            0.0,
            0.0,
            0.5487664046868342,
            0.7796253064104988,
            0.12540278605848051,
            1.9599576982721363,
            0.6554069708768613,
            0.24090231963907335,
            0.39560401656573296,
            0.0,
            0.0,
            0.0,
            0.0,
            0.0,
            0.0,
            0.0,
            0.0,
            0.0,
            0.0,
            0.0,
            0.0,
            0.0,
            0.0
        ],
        [
            0.0,
            0.0,
            0.0,
            0.0,
            0.0,
            0.0,
            0.0,
            0.0,
            0.0,
            0.0,
            0.6376680663285621,
            0.6246320952776938,
            0.6554069708768613,
            1.9599576982721363,
            0.7475675782475937,
            0.16133318101281813,
            0.6364556809986048,
            0.0,
            0.0,
            0.0,
            0.0,
            0.0,
            0.0,
            0.0,
            0.0,
            0.0,
            0.0,
            0.0,
            0.0,
            0.0
        ],
        [
            0.0,
            0.0,
            0.0,
            0.0,
            0.0,
            0.0,
            0.0,
            0.0,
            0.0,
            0.0,
            0.0,
            0.19930969715591518,
            0.24090231963907335,
            0.7475675782475937,
            1.9599576982721363,
            0.6391775597456202,
            0.4588341110912112,
            0.7894834803606964,
            0.0,
            0.0,
            0.0,
            0.0,
            0.0,
            0.0,
            0.0,
            0.0,
            0.0,
            0.0,
            0.0,
            0.0
        ],
        [
            0.0,
            0.0,
            0.0,
            0.0,
            0.0,
            0.0,
            0.0,
            0.0,
            0.0,
            0.0,
            0.0,
            0.0,
            0.39560401656573296,
            0.16133318101281813,
            0.6391775597456202,
            1.9599576982721363,
            0.33814917228770025,
            0.8504223069774549,
            0.8568023673035982,
            0.0,
            0.0,
            0.0,
            0.0,
            0.0,
            0.0,
            0.0,
            0.0,
            0.0,
            0.0,
            0.0
        ],
        [
            0.0,
            0.0,
            0.0,
            0.0,
            0.0,
            0.0,
            0.0,
            0.0,
            0.0,
            0.0,
            0.0,
            0.0,
            0.0,
            0.6364556809986048,
            0.4588341110912112,
            0.33814917228770025,
            1.9599576982721363,
            0.5337025647118051,
            0.6095520104787127,
            0.8461897801478436,
            0.0,
            0.0,
            0.0,
            0.0,
            0.0,
            0.0,
            0.0,
            0.0,
            0.0,
            0.0
        ],
        [
            0.0,
            0.0,
            0.0,
            0.0,
            0.0,
            0.0,
            0.0,
            0.0,
            0.0,
            0.0,
            0.0,
            0.0,
            0.0,
            0.0,
            0.7894834803606964,
            0.8504223069774549,
            0.5337025647118051,
            1.9599576982721363,
            0.5016150112627479,
            0.8652061704612608,
            0.2016933916707817,
            0.0,
            0.0,
            0.0,
            0.0,
            0.0,
            0.0,
            0.0,
            0.0,
            0.0
        ],
        [
            0.0,
            0.0,
            0.0,
            0.0,
            0.0,
            0.0,
            0.0,
            0.0,
            0.0,
            0.0,
            0.0,
            0.0,
            0.0,
            0.0,
            0.0,
            0.8568023673035982,
            0.6095520104787127,
            0.5016150112627479,
            1.9599576982721363,
            0.33663535900957964,
            0.30570820391378184,
            0.605676473310912,
            0.0,
            0.0,
            0.0,
            0.0,
            0.0,
            0.0,
            0.0,
            0.0
        ],
        [
            0.0,
            0.0,
            0.0,
            0.0,
            0.0,
            0.0,
            0.0,
            0.0,
            0.0,
            0.0,
            0.0,
            0.0,
            0.0,
            0.0,
            0.0,
            0.0,
            0.8461897801478436,
            0.8652061704612608,
            0.33663535900957964,
            1.9599576982721363,
            0.529039961533908,
            0.23715870885310714,
            0.5313235808781269,
            0.0,
            0.0,
            0.0,
            0.0,
            0.0,
            0.0,
            0.0
        ],
        [
            0.0,
            0.0,
            0.0,
            0.0,
            0.0,
            0.0,
            0.0,
            0.0,
            0.0,
            0.0,
            0.0,
            0.0,
            0.0,
            0.0,
            0.0,
            0.0,
            0.0,
            0.2016933916707817,
            0.30570820391378184,
            0.529039961533908,
            1.9599576982721363,
            0.6340981178341554,
            0.2181816571400381,
            0.23939377833696965,
            0.0,
            0.0,
            0.0,
            0.0,
            0.0,
            0.0
        ],
        [
            0.0,
            0.0,
            0.0,
            0.0,
            0.0,
            0.0,
            0.0,
            0.0,
            0.0,
            0.0,
            0.0,
            0.0,
            0.0,
            0.0,
            0.0,
            0.0,
            0.0,
            0.0,
            0.605676473310912,
            0.23715870885310714,
            0.6340981178341554,
            1.9599576982721363,
            0.30535052142975944,
            0.2565472955988122,
            0.6780854712830059,
            0.0,
            0.0,
            0.0,
            0.0,
            0.0
        ],
        [
            0.0,
            0.0,
            0.0,
            0.0,
            0.0,
            0.0,
            0.0,
            0.0,
            0.0,
            0.0,
            0.0,
            0.0,
            0.0,
            0.0,
            0.0,
            0.0,
            0.0,
            0.0,
            0.0,
            0.5313235808781269,
            0.2181816571400381,
            0.30535052142975944,
            1.9599576982721363,
            0.6962752685504361,
            0.8788333578894417,
            0.48695631588822874,
            0.0,
            0.0,
            0.0,
            0.0
        ],
        [
            0.0,
            0.0,
            0.0,
            0.0,
            0.0,
            0.0,
            0.0,
            0.0,
            0.0,
            0.0,
            0.0,
            0.0,
            0.0,
            0.0,
            0.0,
            0.0,
            0.0,
            0.0,
            0.0,
            0.0,
            0.23939377833696965,
            0.2565472955988122,
            0.6962752685504361,
            1.9599576982721363,
            0.539690078025972,
            0.53539460020303,
            0.5203862462036993,
            0.0,
            0.0,
            0.0
        ],
        [
            0.0,
            0.0,
            0.0,
            0.0,
            0.0,
            0.0,
            0.0,
            0.0,
            0.0,
            0.0,
            0.0,
            0.0,
            0.0,
            0.0,
            0.0,
            0.0,
            0.0,
            0.0,
            0.0,
            0.0,
            0.0,
            0.6780854712830059,
            0.8788333578894417,
            0.539690078025972,
            1.9599576982721363,
            0.42025269896281303,
            0.8560669763620692,
            0.13863587168286165,
            0.0,
            0.0
        ],
        [
            0.0,
            0.0,
            0.0,
            0.0,
            0.0,
            0.0,
            0.0,
            0.0,
            0.0,
            0.0,
            0.0,
            0.0,
            0.0,
            0.0,
            0.0,
            0.0,
            0.0,
            0.0,
            0.0,
            0.0,
            0.0,
            0.0,
            0.48695631588822874,
            0.53539460020303,
            0.42025269896281303,
            1.9599576982721363,
            0.8044269435376471,
            0.8691449546448649,
            0.35446375347595027,
            0.0
        ],
        [
            0.0,
            0.0,
            0.0,
            0.0,
            0.0,
            0.0,
            0.0,
            0.0,
            0.0,
            0.0,
            0.0,
            0.0,
            0.0,
            0.0,
            0.0,
            0.0,
            0.0,
            0.0,
            0.0,
            0.0,
            0.0,
            0.0,
            0.0,
            0.5203862462036993,
            0.8560669763620692,
            0.8044269435376471,
            1.9599576982721363,
            0.1204804282758599,
            0.12765431989950715,
            0.8825623784656939
        ],
        [
            0.0,
            0.0,
            0.0,
            0.0,
            0.0,
            0.0,
            0.0,
            0.0,
            0.0,
            0.0,
            0.0,
            0.0,
            0.0,
            0.0,
            0.0,
            0.0,
            0.0,
            0.0,
            0.0,
            0.0,
            0.0,
            0.0,
            0.0,
            0.0,
            0.13863587168286165,
            0.8691449546448649,
            0.1204804282758599,
            1.9599576982721363,
            0.5570683720945222,
            0.8055926045911437
        ],
        [
            0.0,
            0.0,
            0.0,
            0.0,
            0.0,
            0.0,
            0.0,
            0.0,
            0.0,
            0.0,
            0.0,
            0.0,
            0.0,
            0.0,
            0.0,
            0.0,
            0.0,
            0.0,
            0.0,
            0.0,
            0.0,
            0.0,
            0.0,
            0.0,
            0.0,
            0.35446375347595027,
            0.12765431989950715,
            0.5570683720945222,
            1.9599576982721363,
            0.5842561957303601
        ],
        [
            0.0,
            0.0,
            0.0,
            0.0,
            0.0,
            0.0,
            0.0,
            0.0,
            0.0,
            0.0,
            0.0,
            0.0,
            0.0,
            0.0,
            0.0,
            0.0,
            0.0,
            0.0,
            0.0,
            0.0,
            0.0,
            0.0,
            0.0,
            0.0,
            0.0,
            0.0,
            0.8825623784656939,
            0.8055926045911437,
            0.5842561957303601,
            1.9599576982721363
        ]
    ],
    "sample_scaling": 3.0,
    "rho": 2.0,
    "max_iter": 200,
    "tol": 0.0001,
    "threshold": 0.01,
    "log_dir": "experiment_logs/7/n_30_scale_3.0"
}