{
    "lambda_values": [
        0.1,
        0.10689655172413794,
        0.11379310344827587,
        0.1206896551724138,
        0.12758620689655173,
        0.13448275862068965,
        0.1413793103448276,
        0.1482758620689655,
        0.15517241379310345,
        0.16206896551724137,
        0.16896551724137931,
        0.17586206896551723,
        0.18275862068965515,
        0.1896551724137931,
        0.19655172413793104,
        0.20344827586206896,
        0.21034482758620687,
        0.21724137931034482,
        0.22413793103448276,
        0.23103448275862068,
        0.2379310344827586,
        0.24482758620689654,
        0.25172413793103443,
        0.2586206896551724,
        0.2655172413793103,
        0.27241379310344827,
        0.2793103448275862,
        0.28620689655172415,
        0.29310344827586204,
        0.3
    ],
    "B": [
        [
            1.9311906787994122,
            0.5009230785283463,
            0.7733065852201725,
            0.5342388984611348,
            0.0,
            0.0,
            0.0,
            0.0,
            0.0,
            0.0,
            0.0,
            0.0,
            0.0,
            0.0,
            0.0,
            0.0,
            0.0,
            0.0,
            0.0,
            0.0,
            0.0,
            0.0,
            0.0,
            0.0,
            0.0,
            0.0,
            0.0,
            0.0,
            0.0,
            0.0
        ],
        [
            0.5009230785283463,
            1.9311906787994122,
            0.3016044778246809,
            0.12328324950661013,
            0.3571571420704055,
            0.0,
            0.0,
            0.0,
            0.0,
            0.0,
            0.0,
            0.0,
            0.0,
            0.0,
            0.0,
            0.0,
            0.0,
            0.0,
            0.0,
            0.0,
            0.0,
            0.0,
            0.0,
            0.0,
            0.0,
            0.0,
            0.0,
            0.0,
            0.0,
            0.0
        ],
        [
            0.7733065852201725,
            0.3016044778246809,
            1.9311906787994122,
            0.3229944382716812,
            0.15297566341640484,
            0.3145532264957115,
            0.0,
            0.0,
            0.0,
            0.0,
            0.0,
            0.0,
            0.0,
            0.0,
            0.0,
            0.0,
            0.0,
            0.0,
            0.0,
            0.0,
            0.0,
            0.0,
            0.0,
            0.0,
            0.0,
            0.0,
            0.0,
            0.0,
            0.0,
            0.0
        ],
        [
            0.5342388984611348,
            0.12328324950661013,
            0.3229944382716812,
            1.9311906787994122,
            0.36689596885524667,
            0.5885360750724804,
            0.11581247416294778,
            0.0,
            0.0,
            0.0,
            0.0,
            0.0,
            0.0,
            0.0,
            0.0,
            0.0,
            0.0,
            0.0,
            0.0,
            0.0,
            0.0,
            0.0,
            0.0,
            0.0,
            0.0,
            0.0,
            0.0,
            0.0,
            0.0,
            0.0
        ],
        [
            0.0,
            0.3571571420704055,
            0.15297566341640484,
            0.36689596885524667,
            1.9311906787994122,
            0.6264143294448056,
            0.25406104494914283,
            0.6328387938167729,
            0.0,
            0.0,
            0.0,
            0.0,
            0.0,
            0.0,
            0.0,
            0.0,
            0.0,
            0.0,
            0.0,
            0.0,
            0.0,
            0.0,
            0.0,
            0.0,
            0.0,
            0.0,
            0.0,
            0.0,
            0.0,
            0.0
        ],
        [
            0.0,
            0.0,
            0.3145532264957115,
            0.5885360750724804,
            0.6264143294448056,
            1.9311906787994122,
            0.4586818929255705,
            0.863698976760838,
            0.12297333907246584,
            0.0,
            0.0,
            0.0,
            0.0,
            0.0,
            0.0,
            0.0,
            0.0,
            0.0,
            0.0,
            0.0,
            0.0,
            0.0,
            0.0,
            0.0,
            0.0,
            0.0,
            0.0,
            0.0,
            0.0,
            0.0
        ],
        [
            0.0,
            0.0,
            0.0,
            0.11581247416294778,
            0.25406104494914283,
            0.4586818929255705,
            1.9311906787994122,
            0.8230310603758472,
            0.27885174416012926,
            0.5520852893791565,
            0.0,
            0.0,
            0.0,
            0.0,
            0.0,
            0.0,
            0.0,
            0.0,
            0.0,
            0.0,
            0.0,
            0.0,
            0.0,
            0.0,
            0.0,
            0.0,
            0.0,
            0.0,
            0.0,
            0.0
        ],
        [
            0.0,
            0.0,
            0.0,
            0.0,
            0.6328387938167729,
            0.863698976760838,
            0.8230310603758472,
            1.9311906787994122,
            0.5439021592300571,
            0.8145733481151746,
            0.5008815193100745,
            0.0,
            0.0,
            0.0,
            0.0,
            0.0,
            0.0,
            0.0,
            0.0,
            0.0,
            0.0,
            0.0,
            0.0,
            0.0,
            0.0,
            0.0,
            0.0,
            0.0,
            0.0,
            0.0
        ],
        [
            0.0,
            0.0,
            0.0,
            0.0,
            0.0,
            0.12297333907246584,
            0.27885174416012926,
            0.5439021592300571,
            1.9311906787994122,
            0.41842562963059404,
            0.1341173662379358,
            0.8175142818387734,
            0.0,
            0.0,
            0.0,
            0.0,
            0.0,
            0.0,
            0.0,
            0.0,
            0.0,
            0.0,
            0.0,
            0.0,
            0.0,
            0.0,
            0.0,
            0.0,
            0.0,
            0.0
        ],
        [
            0.0,
            0.0,
            0.0,
            0.0,
            0.0,
            0.0,
            0.5520852893791565,
            0.8145733481151746,
            0.41842562963059404,
            1.9311906787994122,
            0.24474835635861344,
            0.681884892420609,
            0.6241526713938174,
            0.0,
            0.0,
            0.0,
            0.0,
            0.0,
            0.0,
            0.0,
            0.0,
            0.0,
            0.0,
            0.0,
            0.0,
            0.0,
            0.0,
            0.0,
            0.0,
            0.0
        ],
        [
            0.0,
            0.0,
            0.0,
            0.0,
            0.0,
            0.0,
            0.0,
            0.5008815193100745,
            0.1341173662379358,
            0.24474835635861344,
            1.9311906787994122,
            0.4985562283862175,
            0.8927471252919642,
            0.7335998335702706,
            0.0,
            0.0,
            0.0,
            0.0,
            0.0,
            0.0,
            0.0,
            0.0,
            0.0,
            0.0,
            0.0,
            0.0,
            0.0,
            0.0,
            0.0,
            0.0
        ],
        [
            0.0,
            0.0,
            0.0,
            0.0,
            0.0,
            0.0,
            0.0,
            0.0,
            0.8175142818387734,
            0.681884892420609,
            0.4985562283862175,
            1.9311906787994122,
            0.4360965489211497,
            0.43490206997810565,
            0.8912517101691003,
            0.0,
            0.0,
            0.0,
            0.0,
            0.0,
            0.0,
            0.0,
            0.0,
            0.0,
            0.0,
            0.0,
            0.0,
            0.0,
            0.0,
            0.0
        ],
        [
            0.0,
            0.0,
            0.0,
            0.0,
            0.0,
            0.0,
            0.0,
            0.0,
            0.0,
            0.6241526713938174,
            0.8927471252919642,
            0.4360965489211497,
            1.9311906787994122,
            0.8594037183842,
            0.49609392149122256,
            0.34204534876290893,
            0.0,
            0.0,
            0.0,
            0.0,
            0.0,
            0.0,
            0.0,
            0.0,
            0.0,
            0.0,
            0.0,
            0.0,
            0.0,
            0.0
        ],
        [
            0.0,
            0.0,
            0.0,
            0.0,
            0.0,
            0.0,
            0.0,
            0.0,
            0.0,
            0.0,
            0.7335998335702706,
            0.43490206997810565,
            0.8594037183842,
            1.9311906787994122,
            0.7476144935160935,
            0.3974130848902542,
            0.6160013733993497,
            0.0,
            0.0,
            0.0,
            0.0,
            0.0,
            0.0,
            0.0,
            0.0,
            0.0,
            0.0,
            0.0,
            0.0,
            0.0
        ],
        [
            0.0,
            0.0,
            0.0,
            0.0,
            0.0,
            0.0,
            0.0,
            0.0,
            0.0,
            0.0,
            0.0,
            0.8912517101691003,
            0.49609392149122256,
            0.7476144935160935,
            1.9311906787994122,
            0.5782574403909001,
            0.7553428365491878,
            0.3094882349184317,
            0.0,
            0.0,
            0.0,
            0.0,
            0.0,
            0.0,
            0.0,
            0.0,
            0.0,
            0.0,
            0.0,
            0.0
        ],
        [
            0.0,
            0.0,
            0.0,
            0.0,
            0.0,
            0.0,
            0.0,
            0.0,
            0.0,
            0.0,
            0.0,
            0.0,
            0.34204534876290893,
            0.3974130848902542,
            0.5782574403909001,
            1.9311906787994122,
            0.22420470291664982,
            0.6519875267019731,
            0.142863346540089,
            0.0,
            0.0,
            0.0,
            0.0,
            0.0,
            0.0,
            0.0,
            0.0,
            0.0,
            0.0,
            0.0
        ],
        [
            0.0,
            0.0,
            0.0,
            0.0,
            0.0,
            0.0,
            0.0,
            0.0,
            0.0,
            0.0,
            0.0,
            0.0,
            0.0,
            0.6160013733993497,
            0.7553428365491878,
            0.22420470291664982,
            1.9311906787994122,
            0.16145382325292915,
            0.7371762807884155,
            0.64845450202844,
            0.0,
            0.0,
            0.0,
            0.0,
            0.0,
            0.0,
            0.0,
            0.0,
            0.0,
            0.0
        ],
        [
            0.0,
            0.0,
            0.0,
            0.0,
            0.0,
            0.0,
            0.0,
            0.0,
            0.0,
            0.0,
            0.0,
            0.0,
            0.0,
            0.0,
            0.3094882349184317,
            0.6519875267019731,
            0.16145382325292915,
            1.9311906787994122,
            0.13141500118361815,
            0.42797599958105004,
            0.11982460573198939,
            0.0,
            0.0,
            0.0,
            0.0,
            0.0,
            0.0,
            0.0,
            0.0,
            0.0
        ],
        [
            0.0,
            0.0,
            0.0,
            0.0,
            0.0,
            0.0,
            0.0,
            0.0,
            0.0,
            0.0,
            0.0,
            0.0,
            0.0,
            0.0,
            0.0,
            0.142863346540089,
            0.7371762807884155,
            0.13141500118361815,
            1.9311906787994122,
            0.6534450355013053,
            0.23364542360565768,
            0.41954202370633187,
            0.0,
            0.0,
            0.0,
            0.0,
            0.0,
            0.0,
            0.0,
            0.0
        ],
        [
            0.0,
            0.0,
            0.0,
            0.0,
            0.0,
            0.0,
            0.0,
            0.0,
            0.0,
            0.0,
            0.0,
            0.0,
            0.0,
            0.0,
            0.0,
            0.0,
            0.64845450202844,
            0.42797599958105004,
            0.6534450355013053,
            1.9311906787994122,
            0.6038941194197115,
            0.3936146748331153,
            0.8593838550235787,
            0.0,
            0.0,
            0.0,
            0.0,
            0.0,
            0.0,
            0.0
        ],
        [
            0.0,
            0.0,
            0.0,
            0.0,
            0.0,
            0.0,
            0.0,
            0.0,
            0.0,
            0.0,
            0.0,
            0.0,
            0.0,
            0.0,
            0.0,
            0.0,
            0.0,
            0.11982460573198939,
            0.23364542360565768,
            0.6038941194197115,
            1.9311906787994122,
            0.7838080371362323,
            0.8658739565227823,
            0.5979470250542812,
            0.0,
            0.0,
            0.0,
            0.0,
            0.0,
            0.0
        ],
        [
            0.0,
            0.0,
            0.0,
            0.0,
            0.0,
            0.0,
            0.0,
            0.0,
            0.0,
            0.0,
            0.0,
            0.0,
            0.0,
            0.0,
            0.0,
            0.0,
            0.0,
            0.0,
            0.41954202370633187,
            0.3936146748331153,
            0.7838080371362323,
            1.9311906787994122,
            0.7318518329231173,
            0.3004732215752317,
            0.47116336060745434,
            0.0,
            0.0,
            0.0,
            0.0,
            0.0
        ],
        [
            0.0,
            0.0,
            0.0,
            0.0,
            0.0,
            0.0,
            0.0,
            0.0,
            0.0,
            0.0,
            0.0,
            0.0,
            0.0,
            0.0,
            0.0,
            0.0,
            0.0,
            0.0,
            0.0,
            0.8593838550235787,
            0.8658739565227823,
            0.7318518329231173,
            1.9311906787994122,
            0.42696240629204807,
            0.3278814182307038,
            0.6038512038888258,
            0.0,
            0.0,
            0.0,
            0.0
        ],
        [
            0.0,
            0.0,
            0.0,
            0.0,
            0.0,
            0.0,
            0.0,
            0.0,
            0.0,
            0.0,
            0.0,
            0.0,
            0.0,
            0.0,
            0.0,
            0.0,
            0.0,
            0.0,
            0.0,
            0.0,
            0.5979470250542812,
            0.3004732215752317,
            0.42696240629204807,
            1.9311906787994122,
            0.7081755027034347,
            0.8818948796631428,
            0.2859349870542802,
            0.0,
            0.0,
            0.0
        ],
        [
            0.0,
            0.0,
            0.0,
            0.0,
            0.0,
            0.0,
            0.0,
            0.0,
            0.0,
            0.0,
            0.0,
            0.0,
            0.0,
            0.0,
            0.0,
            0.0,
            0.0,
            0.0,
            0.0,
            0.0,
            0.0,
            0.47116336060745434,
            0.3278814182307038,
            0.7081755027034347,
            1.9311906787994122,
            0.7469588845432606,
            0.7500696024146047,
            0.22378079351008903,
            0.0,
            0.0
        ],
        [
            0.0,
            0.0,
            0.0,
            0.0,
            0.0,
            0.0,
            0.0,
            0.0,
            0.0,
            0.0,
            0.0,
            0.0,
            0.0,
            0.0,
            0.0,
            0.0,
            0.0,
            0.0,
            0.0,
            0.0,
            0.0,
            0.0,
            0.6038512038888258,
            0.8818948796631428,
            0.7469588845432606,
            1.9311906787994122,
            0.49366499296007693,
            0.29955803428751493,
            0.715607324202844,
            0.0
        ],
        [
            0.0,
            0.0,
            0.0,
            0.0,
            0.0,
            0.0,
            0.0,
            0.0,
            0.0,
            0.0,
            0.0,
            0.0,
            0.0,
            0.0,
            0.0,
            0.0,
            0.0,
            0.0,
            0.0,
            0.0,
            0.0,
            0.0,
            0.0,
            0.2859349870542802,
            0.7500696024146047,
            0.49366499296007693,
            1.9311906787994122,
            0.10593145763933745,
            0.6373510098976157,
            0.18549839296355375
        ],
        [
            0.0,
            0.0,
            0.0,
            0.0,
            0.0,
            0.0,
            0.0,
            0.0,
            0.0,
            0.0,
            0.0,
            0.0,
            0.0,
            0.0,
            0.0,
            0.0,
            0.0,
            0.0,
            0.0,
            0.0,
            0.0,
            0.0,
            0.0,
            0.0,
            0.22378079351008903,
            0.29955803428751493,
            0.10593145763933745,
            1.9311906787994122,
            0.6326938555934174,
            0.6365101294375817
        ],
        [
            0.0,
            0.0,
            0.0,
            0.0,
            0.0,
            0.0,
            0.0,
            0.0,
            0.0,
            0.0,
            0.0,
            0.0,
            0.0,
            0.0,
            0.0,
            0.0,
            0.0,
            0.0,
            0.0,
            0.0,
            0.0,
            0.0,
            0.0,
            0.0,
            0.0,
            0.715607324202844,
            0.6373510098976157,
            0.6326938555934174,
            1.9311906787994122,
            0.7940800949545862
        ],
        [
            0.0,
            0.0,
            0.0,
            0.0,
            0.0,
            0.0,
            0.0,
            0.0,
            0.0,
            0.0,
            0.0,
            0.0,
            0.0,
            0.0,
            0.0,
            0.0,
            0.0,
            0.0,
            0.0,
            0.0,
            0.0,
            0.0,
            0.0,
            0.0,
            0.0,
            0.0,
            0.18549839296355375,
            0.6365101294375817,
            0.7940800949545862,
            1.9311906787994122
        ]
    ],
    "sample_scaling": 1.0,
    "rho": 2.0,
    "max_iter": 200,
    "tol": 0.0001,
    "threshold": 0.01,
    "log_dir": "experiment_logs/n_30_scale_1.0_d7"
}