{
    "lambda_values": [
        0.1,
        0.16551724137931034,
        0.23103448275862068,
        0.296551724137931,
        0.3620689655172413,
        0.4275862068965517,
        0.49310344827586206,
        0.5586206896551723,
        0.6241379310344827,
        0.689655172413793,
        0.7551724137931034,
        0.8206896551724137,
        0.886206896551724,
        0.9517241379310344,
        1.0172413793103448,
        1.0827586206896551,
        1.1482758620689655,
        1.2137931034482758,
        1.2793103448275862,
        1.3448275862068966,
        1.410344827586207,
        1.475862068965517,
        1.5413793103448274,
        1.6068965517241378,
        1.6724137931034482,
        1.7379310344827585,
        1.803448275862069,
        1.8689655172413793,
        1.9344827586206894,
        2.0
    ],
    "B": [
        [
            1.823009430387211,
            0.5654168153149728,
            0.2481554182688723,
            0.3012446894936116,
            0.0,
            0.0,
            0.0,
            0.0,
            0.0,
            0.0,
            0.0,
            0.0,
            0.0,
            0.0,
            0.0,
            0.0,
            0.0,
            0.0,
            0.0,
            0.0,
            0.0,
            0.0,
            0.0,
            0.0,
            0.0,
            0.0,
            0.0,
            0.0,
            0.0,
            0.0
        ],
        [
            0.5654168153149728,
            1.823009430387211,
            0.6925959226764599,
            0.2977907538071922,
            0.18712217193783598,
            0.0,
            0.0,
            0.0,
            0.0,
            0.0,
            0.0,
            0.0,
            0.0,
            0.0,
            0.0,
            0.0,
            0.0,
            0.0,
            0.0,
            0.0,
            0.0,
            0.0,
            0.0,
            0.0,
            0.0,
            0.0,
            0.0,
            0.0,
            0.0,
            0.0
        ],
        [
            0.2481554182688723,
            0.6925959226764599,
            1.823009430387211,
            0.2973176515794873,
            0.3230747376987295,
            0.47712721637072997,
            0.0,
            0.0,
            0.0,
            0.0,
            0.0,
            0.0,
            0.0,
            0.0,
            0.0,
            0.0,
            0.0,
            0.0,
            0.0,
            0.0,
            0.0,
            0.0,
            0.0,
            0.0,
            0.0,
            0.0,
            0.0,
            0.0,
            0.0,
            0.0
        ],
        [
            0.3012446894936116,
            0.2977907538071922,
            0.2973176515794873,
            1.823009430387211,
            0.5360004432123487,
            0.5333823449645583,
            0.8339805131573523,
            0.0,
            0.0,
            0.0,
            0.0,
            0.0,
            0.0,
            0.0,
            0.0,
            0.0,
            0.0,
            0.0,
            0.0,
            0.0,
            0.0,
            0.0,
            0.0,
            0.0,
            0.0,
            0.0,
            0.0,
            0.0,
            0.0,
            0.0
        ],
        [
            0.0,
            0.18712217193783598,
            0.3230747376987295,
            0.5360004432123487,
            1.823009430387211,
            0.4175745438284083,
            0.5327626181657685,
            0.4375070044348155,
            0.0,
            0.0,
            0.0,
            0.0,
            0.0,
            0.0,
            0.0,
            0.0,
            0.0,
            0.0,
            0.0,
            0.0,
            0.0,
            0.0,
            0.0,
            0.0,
            0.0,
            0.0,
            0.0,
            0.0,
            0.0,
            0.0
        ],
        [
            0.0,
            0.0,
            0.47712721637072997,
            0.5333823449645583,
            0.4175745438284083,
            1.823009430387211,
            0.33157755898232333,
            0.7636946907986267,
            0.47843671124436793,
            0.0,
            0.0,
            0.0,
            0.0,
            0.0,
            0.0,
            0.0,
            0.0,
            0.0,
            0.0,
            0.0,
            0.0,
            0.0,
            0.0,
            0.0,
            0.0,
            0.0,
            0.0,
            0.0,
            0.0,
            0.0
        ],
        [
            0.0,
            0.0,
            0.0,
            0.8339805131573523,
            0.5327626181657685,
            0.33157755898232333,
            1.823009430387211,
            0.4641459127901709,
            0.10706086785382914,
            0.45338537930886147,
            0.0,
            0.0,
            0.0,
            0.0,
            0.0,
            0.0,
            0.0,
            0.0,
            0.0,
            0.0,
            0.0,
            0.0,
            0.0,
            0.0,
            0.0,
            0.0,
            0.0,
            0.0,
            0.0,
            0.0
        ],
        [
            0.0,
            0.0,
            0.0,
            0.0,
            0.4375070044348155,
            0.7636946907986267,
            0.4641459127901709,
            1.823009430387211,
            0.2631484588734221,
            0.35672528884000676,
            0.3019801938996787,
            0.0,
            0.0,
            0.0,
            0.0,
            0.0,
            0.0,
            0.0,
            0.0,
            0.0,
            0.0,
            0.0,
            0.0,
            0.0,
            0.0,
            0.0,
            0.0,
            0.0,
            0.0,
            0.0
        ],
        [
            0.0,
            0.0,
            0.0,
            0.0,
            0.0,
            0.47843671124436793,
            0.10706086785382914,
            0.2631484588734221,
            1.823009430387211,
            0.3704539605614551,
            0.4614715678751756,
            0.3788925209664642,
            0.0,
            0.0,
            0.0,
            0.0,
            0.0,
            0.0,
            0.0,
            0.0,
            0.0,
            0.0,
            0.0,
            0.0,
            0.0,
            0.0,
            0.0,
            0.0,
            0.0,
            0.0
        ],
        [
            0.0,
            0.0,
            0.0,
            0.0,
            0.0,
            0.0,
            0.45338537930886147,
            0.35672528884000676,
            0.3704539605614551,
            1.823009430387211,
            0.20708904361598482,
            0.38236724189953186,
            0.14374316483092847,
            0.0,
            0.0,
            0.0,
            0.0,
            0.0,
            0.0,
            0.0,
            0.0,
            0.0,
            0.0,
            0.0,
            0.0,
            0.0,
            0.0,
            0.0,
            0.0,
            0.0
        ],
        [
            0.0,
            0.0,
            0.0,
            0.0,
            0.0,
            0.0,
            0.0,
            0.3019801938996787,
            0.4614715678751756,
            0.20708904361598482,
            1.823009430387211,
            0.33295005619127666,
            0.1510629620902192,
            0.872453973801528,
            0.0,
            0.0,
            0.0,
            0.0,
            0.0,
            0.0,
            0.0,
            0.0,
            0.0,
            0.0,
            0.0,
            0.0,
            0.0,
            0.0,
            0.0,
            0.0
        ],
        [
            0.0,
            0.0,
            0.0,
            0.0,
            0.0,
            0.0,
            0.0,
            0.0,
            0.3788925209664642,
            0.38236724189953186,
            0.33295005619127666,
            1.823009430387211,
            0.18033076688485697,
            0.3971637019961901,
            0.6134789086198683,
            0.0,
            0.0,
            0.0,
            0.0,
            0.0,
            0.0,
            0.0,
            0.0,
            0.0,
            0.0,
            0.0,
            0.0,
            0.0,
            0.0,
            0.0
        ],
        [
            0.0,
            0.0,
            0.0,
            0.0,
            0.0,
            0.0,
            0.0,
            0.0,
            0.0,
            0.14374316483092847,
            0.1510629620902192,
            0.18033076688485697,
            1.823009430387211,
            0.7120321342376007,
            0.14808424267231876,
            0.6037744754125157,
            0.0,
            0.0,
            0.0,
            0.0,
            0.0,
            0.0,
            0.0,
            0.0,
            0.0,
            0.0,
            0.0,
            0.0,
            0.0,
            0.0
        ],
        [
            0.0,
            0.0,
            0.0,
            0.0,
            0.0,
            0.0,
            0.0,
            0.0,
            0.0,
            0.0,
            0.872453973801528,
            0.3971637019961901,
            0.7120321342376007,
            1.823009430387211,
            0.8400135785144468,
            0.8359066247815553,
            0.3167853532924687,
            0.0,
            0.0,
            0.0,
            0.0,
            0.0,
            0.0,
            0.0,
            0.0,
            0.0,
            0.0,
            0.0,
            0.0,
            0.0
        ],
        [
            0.0,
            0.0,
            0.0,
            0.0,
            0.0,
            0.0,
            0.0,
            0.0,
            0.0,
            0.0,
            0.0,
            0.6134789086198683,
            0.14808424267231876,
            0.8400135785144468,
            1.823009430387211,
            0.12464943108222722,
            0.2132285567741315,
            0.8414366278626542,
            0.0,
            0.0,
            0.0,
            0.0,
            0.0,
            0.0,
            0.0,
            0.0,
            0.0,
            0.0,
            0.0,
            0.0
        ],
        [
            0.0,
            0.0,
            0.0,
            0.0,
            0.0,
            0.0,
            0.0,
            0.0,
            0.0,
            0.0,
            0.0,
            0.0,
            0.6037744754125157,
            0.8359066247815553,
            0.12464943108222722,
            1.823009430387211,
            0.6336386969793553,
            0.2004435717281691,
            0.707876698051399,
            0.0,
            0.0,
            0.0,
            0.0,
            0.0,
            0.0,
            0.0,
            0.0,
            0.0,
            0.0,
            0.0
        ],
        [
            0.0,
            0.0,
            0.0,
            0.0,
            0.0,
            0.0,
            0.0,
            0.0,
            0.0,
            0.0,
            0.0,
            0.0,
            0.0,
            0.3167853532924687,
            0.2132285567741315,
            0.6336386969793553,
            1.823009430387211,
            0.38688865542547546,
            0.45721127621999813,
            0.32713967207862815,
            0.0,
            0.0,
            0.0,
            0.0,
            0.0,
            0.0,
            0.0,
            0.0,
            0.0,
            0.0
        ],
        [
            0.0,
            0.0,
            0.0,
            0.0,
            0.0,
            0.0,
            0.0,
            0.0,
            0.0,
            0.0,
            0.0,
            0.0,
            0.0,
            0.0,
            0.8414366278626542,
            0.2004435717281691,
            0.38688865542547546,
            1.823009430387211,
            0.49570504711252605,
            0.4232802149721666,
            0.708446024508993,
            0.0,
            0.0,
            0.0,
            0.0,
            0.0,
            0.0,
            0.0,
            0.0,
            0.0
        ],
        [
            0.0,
            0.0,
            0.0,
            0.0,
            0.0,
            0.0,
            0.0,
            0.0,
            0.0,
            0.0,
            0.0,
            0.0,
            0.0,
            0.0,
            0.0,
            0.707876698051399,
            0.45721127621999813,
            0.49570504711252605,
            1.823009430387211,
            0.5216426568723408,
            0.6136781319591968,
            0.8627410040501391,
            0.0,
            0.0,
            0.0,
            0.0,
            0.0,
            0.0,
            0.0,
            0.0
        ],
        [
            0.0,
            0.0,
            0.0,
            0.0,
            0.0,
            0.0,
            0.0,
            0.0,
            0.0,
            0.0,
            0.0,
            0.0,
            0.0,
            0.0,
            0.0,
            0.0,
            0.32713967207862815,
            0.4232802149721666,
            0.5216426568723408,
            1.823009430387211,
            0.11607147372100331,
            0.750625780142268,
            0.4769770127393097,
            0.0,
            0.0,
            0.0,
            0.0,
            0.0,
            0.0,
            0.0
        ],
        [
            0.0,
            0.0,
            0.0,
            0.0,
            0.0,
            0.0,
            0.0,
            0.0,
            0.0,
            0.0,
            0.0,
            0.0,
            0.0,
            0.0,
            0.0,
            0.0,
            0.0,
            0.708446024508993,
            0.6136781319591968,
            0.11607147372100331,
            1.823009430387211,
            0.6075349018633286,
            0.6298835993726939,
            0.14190609449376615,
            0.0,
            0.0,
            0.0,
            0.0,
            0.0,
            0.0
        ],
        [
            0.0,
            0.0,
            0.0,
            0.0,
            0.0,
            0.0,
            0.0,
            0.0,
            0.0,
            0.0,
            0.0,
            0.0,
            0.0,
            0.0,
            0.0,
            0.0,
            0.0,
            0.0,
            0.8627410040501391,
            0.750625780142268,
            0.6075349018633286,
            1.823009430387211,
            0.704254603984114,
            0.4024384843135681,
            0.733983389935731,
            0.0,
            0.0,
            0.0,
            0.0,
            0.0
        ],
        [
            0.0,
            0.0,
            0.0,
            0.0,
            0.0,
            0.0,
            0.0,
            0.0,
            0.0,
            0.0,
            0.0,
            0.0,
            0.0,
            0.0,
            0.0,
            0.0,
            0.0,
            0.0,
            0.0,
            0.4769770127393097,
            0.6298835993726939,
            0.704254603984114,
            1.823009430387211,
            0.8078398831587884,
            0.5595592731552544,
            0.3171574005369731,
            0.0,
            0.0,
            0.0,
            0.0
        ],
        [
            0.0,
            0.0,
            0.0,
            0.0,
            0.0,
            0.0,
            0.0,
            0.0,
            0.0,
            0.0,
            0.0,
            0.0,
            0.0,
            0.0,
            0.0,
            0.0,
            0.0,
            0.0,
            0.0,
            0.0,
            0.14190609449376615,
            0.4024384843135681,
            0.8078398831587884,
            1.823009430387211,
            0.6925743502045171,
            0.6554740379361511,
            0.4998256075054417,
            0.0,
            0.0,
            0.0
        ],
        [
            0.0,
            0.0,
            0.0,
            0.0,
            0.0,
            0.0,
            0.0,
            0.0,
            0.0,
            0.0,
            0.0,
            0.0,
            0.0,
            0.0,
            0.0,
            0.0,
            0.0,
            0.0,
            0.0,
            0.0,
            0.0,
            0.733983389935731,
            0.5595592731552544,
            0.6925743502045171,
            1.823009430387211,
            0.31197647266009554,
            0.20393903161216187,
            0.12995611792774764,
            0.0,
            0.0
        ],
        [
            0.0,
            0.0,
            0.0,
            0.0,
            0.0,
            0.0,
            0.0,
            0.0,
            0.0,
            0.0,
            0.0,
            0.0,
            0.0,
            0.0,
            0.0,
            0.0,
            0.0,
            0.0,
            0.0,
            0.0,
            0.0,
            0.0,
            0.3171574005369731,
            0.6554740379361511,
            0.31197647266009554,
            1.823009430387211,
            0.11007606647628974,
            0.29921954488206703,
            0.5424397046788549,
            0.0
        ],
        [
            0.0,
            0.0,
            0.0,
            0.0,
            0.0,
            0.0,
            0.0,
            0.0,
            0.0,
            0.0,
            0.0,
            0.0,
            0.0,
            0.0,
            0.0,
            0.0,
            0.0,
            0.0,
            0.0,
            0.0,
            0.0,
            0.0,
            0.0,
            0.4998256075054417,
            0.20393903161216187,
            0.11007606647628974,
            1.823009430387211,
            0.3604206584142503,
            0.6850837043471343,
            0.28048812347544316
        ],
        [
            0.0,
            0.0,
            0.0,
            0.0,
            0.0,
            0.0,
            0.0,
            0.0,
            0.0,
            0.0,
            0.0,
            0.0,
            0.0,
            0.0,
            0.0,
            0.0,
            0.0,
            0.0,
            0.0,
            0.0,
            0.0,
            0.0,
            0.0,
            0.0,
            0.12995611792774764,
            0.29921954488206703,
            0.3604206584142503,
            1.823009430387211,
            0.25321502307799815,
            0.4741356618998004
        ],
        [
            0.0,
            0.0,
            0.0,
            0.0,
            0.0,
            0.0,
            0.0,
            0.0,
            0.0,
            0.0,
            0.0,
            0.0,
            0.0,
            0.0,
            0.0,
            0.0,
            0.0,
            0.0,
            0.0,
            0.0,
            0.0,
            0.0,
            0.0,
            0.0,
            0.0,
            0.5424397046788549,
            0.6850837043471343,
            0.25321502307799815,
            1.823009430387211,
            0.5727001900147406
        ],
        [
            0.0,
            0.0,
            0.0,
            0.0,
            0.0,
            0.0,
            0.0,
            0.0,
            0.0,
            0.0,
            0.0,
            0.0,
            0.0,
            0.0,
            0.0,
            0.0,
            0.0,
            0.0,
            0.0,
            0.0,
            0.0,
            0.0,
            0.0,
            0.0,
            0.0,
            0.0,
            0.28048812347544316,
            0.4741356618998004,
            0.5727001900147406,
            1.823009430387211
        ]
    ],
    "sample_scaling": 5.0,
    "rho": 2.0,
    "max_iter": 200,
    "tol": 0.0001,
    "threshold": 0.1,
    "log_dir": "experiment_logs/n_30_scale_5.0_d7"
}