[
    {
        "iteration": 1,
        "A": [
            [
                0.0,
                0.0,
                0.0,
                0.0,
                0.0,
                0.0,
                0.0,
                0.0,
                0.0,
                0.0
            ],
            [
                0.0,
                0.0,
                0.0,
                0.0,
                0.0,
                0.0,
                0.0,
                0.0,
                0.0,
                0.0
            ],
            [
                0.0,
                0.0,
                0.0,
                0.0,
                0.0,
                0.0,
                0.0,
                0.0,
                0.0,
                0.0
            ],
            [
                0.0,
                0.0,
                0.0,
                0.0,
                0.0,
                0.0,
                0.0,
                0.0,
                0.0,
                0.0
            ],
            [
                0.0,
                0.0,
                0.0,
                0.0,
                0.0,
                0.0,
                0.0,
                0.0,
                0.0,
                0.0
            ],
            [
                0.0,
                0.0,
                0.0,
                0.0,
                0.0,
                0.0,
                0.0,
                0.0,
                0.0,
                0.0
            ],
            [
                0.0,
                0.0,
                0.0,
                0.0,
                0.0,
                0.0,
                0.0,
                0.0,
                0.0,
                0.0
            ],
            [
                0.0,
                0.0,
                0.0,
                0.0,
                0.0,
                0.0,
                0.0,
                0.0,
                0.0,
                0.0
            ],
            [
                0.0,
                0.0,
                0.0,
                0.0,
                0.0,
                0.0,
                0.0,
                0.0,
                0.0,
                0.0
            ],
            [
                0.0,
                0.0,
                0.0,
                0.0,
                0.0,
                0.0,
                0.0,
                0.0,
                0.0,
                0.0
            ]
        ],
        "B": [
            [
                -59.11362531279102,
                75.43153594250221,
                -57.11124037763095,
                25.204210708824156,
                -11.580154625127848,
                7.09656811463124,
                -4.337148324936669,
                2.8326423337511,
                -1.5932758404398573,
                0.474695661540603
            ],
            [
                75.43153594250221,
                -100.43138209789133,
                75.45900932619696,
                -33.22103199709386,
                15.610176247077213,
                -9.545427137028039,
                5.84434913764021,
                -3.332290023245956,
                2.2315056301838685,
                -1.0337596756756418
            ],
            [
                -57.11124037763095,
                75.45900932619696,
                -59.534859422494016,
                26.22717395486668,
                -12.679620999632071,
                8.17552414800423,
                -4.902309918749398,
                2.6555675047751226,
                -2.064866595639905,
                0.7602448330458764
            ],
            [
                25.204210708824156,
                -33.22103199709386,
                26.22717395486668,
                -14.735953262918851,
                7.006843771595771,
                -4.726707846171816,
                2.4688014202526007,
                -1.1243268710458707,
                0.8008425547158349,
                -0.03780523648447405
            ],
            [
                -11.580154625127848,
                15.610176247077213,
                -12.679620999632071,
                7.006843771595771,
                -6.910613517806627,
                4.751807098556162,
                -2.670909224846079,
                1.0281224246207978,
                -0.7837517123092583,
                0.028146405802881677
            ],
            [
                7.09656811463124,
                -9.545427137028039,
                8.17552414800423,
                -4.726707846171816,
                4.751807098556162,
                -7.24148736693112,
                4.943800514960208,
                -2.8947965754444214,
                1.0183055863175776,
                0.083266331730018
            ],
            [
                -4.337148324936669,
                5.84434913764021,
                -4.902309918749398,
                2.4688014202526007,
                -2.670909224846079,
                4.943800514960208,
                -7.08180854957831,
                4.417206257314923,
                -1.2388811868644913,
                -0.001751057619573599
            ],
            [
                2.8326423337511,
                -3.332290023245956,
                2.6555675047751226,
                -1.1243268710458707,
                1.0281224246207978,
                -2.8947965754444214,
                4.417206257314923,
                -5.627169272636874,
                1.312608657174295,
                0.07512300153888427
            ],
            [
                -1.5932758404398573,
                2.2315056301838685,
                -2.064866595639905,
                0.8008425547158349,
                -0.7837517123092583,
                1.0183055863175776,
                -1.2388811868644913,
                1.312608657174295,
                -2.6901528579647493,
                0.256771385080583
            ],
            [
                0.474695661540603,
                -1.0337596756756418,
                0.7602448330458764,
                -0.03780523648447405,
                0.028146405802881677,
                0.083266331730018,
                -0.001751057619573599,
                0.07512300153888427,
                0.256771385080583,
                -2.2578746314865503
            ]
        ],
        "C": [
            [
                -2.0,
                -0.0,
                -0.0,
                -0.0,
                -0.0,
                -0.0,
                -0.0,
                -0.0,
                -0.0,
                -0.0
            ],
            [
                -0.0,
                -2.0,
                -0.0,
                -0.0,
                -0.0,
                -0.0,
                -0.0,
                -0.0,
                -0.0,
                -0.0
            ],
            [
                -0.0,
                -0.0,
                -2.0,
                -0.0,
                -0.0,
                -0.0,
                -0.0,
                -0.0,
                -0.0,
                -0.0
            ],
            [
                -0.0,
                -0.0,
                -0.0,
                -2.0,
                -0.0,
                -0.0,
                -0.0,
                -0.0,
                -0.0,
                -0.0
            ],
            [
                -0.0,
                -0.0,
                -0.0,
                -0.0,
                -2.0,
                -0.0,
                -0.0,
                -0.0,
                -0.0,
                -0.0
            ],
            [
                -0.0,
                -0.0,
                -0.0,
                -0.0,
                -0.0,
                -2.0,
                -0.0,
                -0.0,
                -0.0,
                -0.0
            ],
            [
                -0.0,
                -0.0,
                -0.0,
                -0.0,
                -0.0,
                -0.0,
                -2.0,
                -0.0,
                -0.0,
                -0.0
            ],
            [
                -0.0,
                -0.0,
                -0.0,
                -0.0,
                -0.0,
                -0.0,
                -0.0,
                -2.0,
                -0.0,
                -0.0
            ],
            [
                -0.0,
                -0.0,
                -0.0,
                -0.0,
                -0.0,
                -0.0,
                -0.0,
                -0.0,
                -2.0,
                -0.0
            ],
            [
                -0.0,
                -0.0,
                -0.0,
                -0.0,
                -0.0,
                -0.0,
                -0.0,
                -0.0,
                -0.0,
                -2.0
            ]
        ],
        "D": [
            [
                0.0,
                0.0,
                0.0,
                0.0,
                0.0,
                0.0,
                0.0,
                0.0,
                0.0,
                0.0
            ],
            [
                0.0,
                0.0,
                0.0,
                0.0,
                0.0,
                0.0,
                0.0,
                0.0,
                0.0,
                0.0
            ],
            [
                0.0,
                0.0,
                0.0,
                0.0,
                0.0,
                0.0,
                0.0,
                0.0,
                0.0,
                0.0
            ],
            [
                0.0,
                0.0,
                0.0,
                0.0,
                0.0,
                0.0,
                0.0,
                0.0,
                0.0,
                0.0
            ],
            [
                0.0,
                0.0,
                0.0,
                0.0,
                0.0,
                0.0,
                0.0,
                0.0,
                0.0,
                0.0
            ],
            [
                0.0,
                0.0,
                0.0,
                0.0,
                0.0,
                0.0,
                0.0,
                0.0,
                0.0,
                0.0
            ],
            [
                0.0,
                0.0,
                0.0,
                0.0,
                0.0,
                0.0,
                0.0,
                0.0,
                0.0,
                0.0
            ],
            [
                0.0,
                0.0,
                0.0,
                0.0,
                0.0,
                0.0,
                0.0,
                0.0,
                0.0,
                0.0
            ],
            [
                0.0,
                0.0,
                0.0,
                0.0,
                0.0,
                0.0,
                0.0,
                0.0,
                0.0,
                0.0
            ],
            [
                0.0,
                0.0,
                0.0,
                0.0,
                0.0,
                0.0,
                0.0,
                0.0,
                0.0,
                0.0
            ]
        ],
        "X0": [
            [
                1.0,
                0.0,
                0.0,
                0.0,
                0.0,
                0.0,
                0.0,
                0.0,
                0.0,
                0.0
            ],
            [
                0.0,
                1.0,
                0.0,
                0.0,
                0.0,
                0.0,
                0.0,
                0.0,
                0.0,
                0.0
            ],
            [
                0.0,
                0.0,
                1.0,
                0.0,
                0.0,
                0.0,
                0.0,
                0.0,
                0.0,
                0.0
            ],
            [
                0.0,
                0.0,
                0.0,
                1.0,
                0.0,
                0.0,
                0.0,
                0.0,
                0.0,
                0.0
            ],
            [
                0.0,
                0.0,
                0.0,
                0.0,
                1.0,
                0.0,
                0.0,
                0.0,
                0.0,
                0.0
            ],
            [
                0.0,
                0.0,
                0.0,
                0.0,
                0.0,
                1.0,
                0.0,
                0.0,
                0.0,
                0.0
            ],
            [
                0.0,
                0.0,
                0.0,
                0.0,
                0.0,
                0.0,
                1.0,
                0.0,
                0.0,
                0.0
            ],
            [
                0.0,
                0.0,
                0.0,
                0.0,
                0.0,
                0.0,
                0.0,
                1.0,
                0.0,
                0.0
            ],
            [
                0.0,
                0.0,
                0.0,
                0.0,
                0.0,
                0.0,
                0.0,
                0.0,
                1.0,
                0.0
            ],
            [
                0.0,
                0.0,
                0.0,
                0.0,
                0.0,
                0.0,
                0.0,
                0.0,
                0.0,
                1.0
            ]
        ],
        "residual": [
            [
                -1.3322676295501878e-15,
                6.21385654703664e-15,
                5.976816266359635e-15,
                -2.201422168885905e-15,
                -1.2450505376545172e-15,
                6.270608841995393e-16,
                1.7375555633029426e-16,
                -2.7281844334511645e-16,
                -2.914335439641036e-16,
                -2.498001805406602e-16
            ],
            [
                1.325271838254108e-15,
                1.3322676295501878e-15,
                8.839739861377734e-16,
                1.8447452005269075e-16,
                6.305425421038514e-16,
                2.8935883465246545e-16,
                2.066341259790492e-16,
                1.3918179050571905e-16,
                -3.0531133177191805e-16,
                -1.6653345369377348e-16
            ],
            [
                1.898109268037602e-15,
                3.0792804694479675e-16,
                0.0,
                1.3339512890995049e-15,
                3.0463911726593266e-16,
                -6.546729356966344e-16,
                -2.506728750390505e-16,
                2.198120954930828e-16,
                1.3877787807814457e-16,
                -2.7755575615628914e-17
            ],
            [
                4.582763777505451e-16,
                -9.868904016533226e-16,
                -1.4487525365640308e-15,
                1.3322676295501878e-15,
                2.055791470135741e-16,
                -8.533626123090614e-17,
                2.9597870796892857e-17,
                9.739595692075336e-17,
                8.326672684688674e-17,
                6.938893903907228e-18
            ],
            [
                5.9839420051184025e-16,
                6.280688598640802e-16,
                -3.135131221748934e-16,
                -2.1774398796737394e-16,
                -1.1102230246251565e-15,
                -1.4583267181561241e-16,
                -3.8721023333814925e-17,
                1.7711365634233574e-16,
                2.393918396847994e-16,
                -6.591949208711867e-17
            ],
            [
                -6.065347571294388e-17,
                -4.874934351966685e-16,
                -4.3688331348903757e-16,
                2.974608940145441e-17,
                -6.962471072135274e-17,
                0.0,
                -2.507440386756711e-16,
                -3.7245722561338816e-16,
                1.249000902703301e-16,
                1.734723475976807e-18
            ],
            [
                -1.5837747336738013e-16,
                -1.9502597697649624e-16,
                -1.271312248767865e-16,
                -5.336871885930491e-17,
                3.4804918838129995e-17,
                -4.420827295890907e-17,
                -2.220446049250313e-16,
                -2.720956602729344e-17,
                -2.7755575615628914e-17,
                6.938893903907228e-18
            ],
            [
                -5.374533789636991e-16,
                -3.5468100889606124e-16,
                5.015869993947617e-17,
                -1.1221817628035718e-16,
                -1.457089294744471e-16,
                2.8948261862494217e-16,
                1.5223996957019566e-16,
                -2.220446049250313e-16,
                5.551115123125783e-17,
                5.898059818321144e-17
            ],
            [
                -4.1434117085610116e-17,
                -2.2265127253809404e-16,
                -2.085558906549955e-16,
                -1.0403569081888023e-16,
                -1.6258176627535221e-16,
                3.206099712961258e-17,
                1.7145256375842576e-17,
                -1.0533415604590413e-17,
                -6.661338147750939e-16,
                1.3877787807814457e-17
            ],
            [
                2.415966862041863e-17,
                -1.35503950667233e-17,
                -2.2544476848490625e-16,
                -1.6469567729961933e-16,
                -2.731929330193008e-17,
                -3.1583106118853053e-17,
                -3.419468642903269e-17,
                -1.3060501578103027e-17,
                -1.3877787807814457e-17,
                0.0
            ]
        ],
        "residual_norm": 1.018466430006044e-14,
        "nare_converged": true
    },
    {
        "iteration": 2,
        "A": [
            [
                0.0,
                0.0,
                0.0,
                0.0,
                0.0,
                0.0,
                0.0,
                0.0,
                0.0,
                0.0
            ],
            [
                0.0,
                0.0,
                0.0,
                0.0,
                0.0,
                0.0,
                0.0,
                0.0,
                0.0,
                0.0
            ],
            [
                0.0,
                0.0,
                0.0,
                0.0,
                0.0,
                0.0,
                0.0,
                0.0,
                0.0,
                0.0
            ],
            [
                0.0,
                0.0,
                0.0,
                0.0,
                0.0,
                0.0,
                0.0,
                0.0,
                0.0,
                0.0
            ],
            [
                0.0,
                0.0,
                0.0,
                0.0,
                0.0,
                0.0,
                0.0,
                0.0,
                0.0,
                0.0
            ],
            [
                0.0,
                0.0,
                0.0,
                0.0,
                0.0,
                0.0,
                0.0,
                0.0,
                0.0,
                0.0
            ],
            [
                0.0,
                0.0,
                0.0,
                0.0,
                0.0,
                0.0,
                0.0,
                0.0,
                0.0,
                0.0
            ],
            [
                0.0,
                0.0,
                0.0,
                0.0,
                0.0,
                0.0,
                0.0,
                0.0,
                0.0,
                0.0
            ],
            [
                0.0,
                0.0,
                0.0,
                0.0,
                0.0,
                0.0,
                0.0,
                0.0,
                0.0,
                0.0
            ],
            [
                0.0,
                0.0,
                0.0,
                0.0,
                0.0,
                0.0,
                0.0,
                0.0,
                0.0,
                0.0
            ]
        ],
        "B": [
            [
                -59.11362531279102,
                75.43153594250221,
                -57.11124037763095,
                25.204210708824156,
                -11.580154625127848,
                7.09656811463124,
                -4.337148324936669,
                2.8326423337511,
                -1.5932758404398573,
                0.474695661540603
            ],
            [
                75.43153594250221,
                -100.43138209789133,
                75.45900932619696,
                -33.22103199709386,
                15.610176247077213,
                -9.545427137028039,
                5.84434913764021,
                -3.332290023245956,
                2.2315056301838685,
                -1.0337596756756418
            ],
            [
                -57.11124037763095,
                75.45900932619696,
                -59.534859422494016,
                26.22717395486668,
                -12.679620999632071,
                8.17552414800423,
                -4.902309918749398,
                2.6555675047751226,
                -2.064866595639905,
                0.7602448330458764
            ],
            [
                25.204210708824156,
                -33.22103199709386,
                26.22717395486668,
                -14.735953262918851,
                7.006843771595771,
                -4.726707846171816,
                2.4688014202526007,
                -1.1243268710458707,
                0.8008425547158349,
                -0.03780523648447405
            ],
            [
                -11.580154625127848,
                15.610176247077213,
                -12.679620999632071,
                7.006843771595771,
                -6.910613517806627,
                4.751807098556162,
                -2.670909224846079,
                1.0281224246207978,
                -0.7837517123092583,
                0.028146405802881677
            ],
            [
                7.09656811463124,
                -9.545427137028039,
                8.17552414800423,
                -4.726707846171816,
                4.751807098556162,
                -7.24148736693112,
                4.943800514960208,
                -2.8947965754444214,
                1.0183055863175776,
                0.083266331730018
            ],
            [
                -4.337148324936669,
                5.84434913764021,
                -4.902309918749398,
                2.4688014202526007,
                -2.670909224846079,
                4.943800514960208,
                -7.08180854957831,
                4.417206257314923,
                -1.2388811868644913,
                -0.001751057619573599
            ],
            [
                2.8326423337511,
                -3.332290023245956,
                2.6555675047751226,
                -1.1243268710458707,
                1.0281224246207978,
                -2.8947965754444214,
                4.417206257314923,
                -5.627169272636874,
                1.312608657174295,
                0.07512300153888427
            ],
            [
                -1.5932758404398573,
                2.2315056301838685,
                -2.064866595639905,
                0.8008425547158349,
                -0.7837517123092583,
                1.0183055863175776,
                -1.2388811868644913,
                1.312608657174295,
                -2.6901528579647493,
                0.256771385080583
            ],
            [
                0.474695661540603,
                -1.0337596756756418,
                0.7602448330458764,
                -0.03780523648447405,
                0.028146405802881677,
                0.083266331730018,
                -0.001751057619573599,
                0.07512300153888427,
                0.256771385080583,
                -2.2578746314865503
            ]
        ],
        "C": [
            [
                -2.0,
                -0.0,
                -0.0,
                -0.0,
                -0.0,
                -0.0,
                -0.0,
                -0.0,
                -0.0,
                -0.0
            ],
            [
                -0.0,
                -2.0,
                -0.0,
                -0.0,
                -0.0,
                -0.0,
                -0.0,
                -0.0,
                -0.0,
                -0.0
            ],
            [
                -0.0,
                -0.0,
                -2.0,
                -0.0,
                -0.0,
                -0.0,
                -0.0,
                -0.0,
                -0.0,
                -0.0
            ],
            [
                -0.0,
                -0.0,
                -0.0,
                -2.0,
                -0.0,
                -0.0,
                -0.0,
                -0.0,
                -0.0,
                -0.0
            ],
            [
                -0.0,
                -0.0,
                -0.0,
                -0.0,
                -2.0,
                -0.0,
                -0.0,
                -0.0,
                -0.0,
                -0.0
            ],
            [
                -0.0,
                -0.0,
                -0.0,
                -0.0,
                -0.0,
                -2.0,
                -0.0,
                -0.0,
                -0.0,
                -0.0
            ],
            [
                -0.0,
                -0.0,
                -0.0,
                -0.0,
                -0.0,
                -0.0,
                -2.0,
                -0.0,
                -0.0,
                -0.0
            ],
            [
                -0.0,
                -0.0,
                -0.0,
                -0.0,
                -0.0,
                -0.0,
                -0.0,
                -2.0,
                -0.0,
                -0.0
            ],
            [
                -0.0,
                -0.0,
                -0.0,
                -0.0,
                -0.0,
                -0.0,
                -0.0,
                -0.0,
                -2.0,
                -0.0
            ],
            [
                -0.0,
                -0.0,
                -0.0,
                -0.0,
                -0.0,
                -0.0,
                -0.0,
                -0.0,
                -0.0,
                -2.0
            ]
        ],
        "D": [
            [
                -0.43359938625523164,
                -0.014224447993080369,
                -0.18054218588569834,
                0.05532494966145157,
                0.018270601544056943,
                -0.015395603122768784,
                0.024665782322346647,
                0.06219400445329832,
                0.028048233684702894,
                -0.05006463694667336
            ],
            [
                -0.014224447993080647,
                -0.30337993022376375,
                0.03339233422542481,
                -0.053705804387751035,
                0.025062884846462373,
                0.025408385551358676,
                0.02118058356079418,
                0.012485633429732891,
                -0.011330027809862791,
                -0.04290816774643918
            ],
            [
                -0.1805421858856979,
                0.03339233422542448,
                -0.44304975672964897,
                0.1696091529294014,
                -0.050043539352521677,
                0.043629632516895875,
                -0.013216930364827182,
                -0.024960006112431186,
                -0.061975811229653975,
                0.023208296291499005
            ],
            [
                0.055324949661451156,
                -0.053705804387751244,
                0.16960915292940146,
                -0.44759832304508806,
                0.15102632177719433,
                -0.0680055123211792,
                -0.020786929075486137,
                0.01783804124624723,
                -0.019051907830657796,
                0.04050082326640127
            ],
            [
                0.01827060154405668,
                0.025062884846462276,
                -0.050043539352521524,
                0.15102632177719438,
                -0.4784573129513642,
                0.135209805176297,
                -0.025683198676529316,
                -0.06298971922085417,
                -0.03159071340380483,
                -0.004022128261730794
            ],
            [
                -0.01539560312276871,
                0.02540838555135874,
                0.04362963251689586,
                -0.06800551232117928,
                0.135209805176297,
                -0.4631266319817188,
                0.12822955146183612,
                -0.06502788205776987,
                0.006883125470466487,
                0.013457407478656792
            ],
            [
                0.02466578232234665,
                0.02118058356079423,
                -0.013216930364827156,
                -0.020786929075486137,
                -0.025683198676529264,
                0.12822955146183612,
                -0.4484480760382654,
                0.09886626956562067,
                -0.027500916206127293,
                0.006390404491460719
            ],
            [
                0.06219400445329831,
                0.012485633429732931,
                -0.024960006112431137,
                0.017838041246247296,
                -0.0629897192208541,
                -0.06502788205776992,
                0.09886626956562072,
                -0.429354863880296,
                0.11128558898136606,
                0.017726094347735883
            ],
            [
                0.02804823368470282,
                -0.011330027809862798,
                -0.06197581122965389,
                -0.01905190783065778,
                -0.031590713403804774,
                0.0068831254704664994,
                -0.027500916206127303,
                0.11128558898136603,
                -0.5414054464320631,
                0.04923674365263481
            ],
            [
                -0.05006463694667337,
                -0.04290816774643917,
                0.023208296291499033,
                0.04050082326640125,
                -0.004022128261730814,
                0.013457407478656801,
                0.006390404491460728,
                0.01772609434773589,
                0.049236743652634814,
                -0.5697197134137565
            ]
        ],
        "X0": [
            [
                0.8215993862552315,
                0.4022244479930804,
                -0.18054218588569834,
                0.05532494966145157,
                0.018270601544056943,
                -0.015395603122768784,
                0.024665782322346647,
                0.06219400445329832,
                0.028048233684702894,
                -0.05006463694667336
            ],
            [
                0.40222444799308066,
                0.6913799302237638,
                0.3546076657745752,
                -0.053705804387751035,
                0.025062884846462373,
                0.025408385551358676,
                0.02118058356079418,
                0.012485633429732891,
                -0.011330027809862791,
                -0.04290816774643918
            ],
            [
                -0.1805421858856979,
                0.35460766577457553,
                0.8310497567296489,
                0.1696091529294014,
                -0.050043539352521677,
                0.043629632516895875,
                -0.013216930364827182,
                -0.024960006112431186,
                -0.061975811229653975,
                0.023208296291499005
            ],
            [
                0.055324949661451156,
                -0.053705804387751244,
                0.16960915292940146,
                0.8355983230450882,
                0.15102632177719433,
                -0.0680055123211792,
                -0.020786929075486137,
                0.01783804124624723,
                -0.019051907830657796,
                0.04050082326640127
            ],
            [
                0.01827060154405668,
                0.025062884846462276,
                -0.050043539352521524,
                0.15102632177719438,
                0.8664573129513643,
                0.252790194823703,
                -0.025683198676529316,
                -0.06298971922085417,
                -0.03159071340380483,
                -0.004022128261730794
            ],
            [
                -0.01539560312276871,
                0.02540838555135874,
                0.04362963251689586,
                -0.06800551232117928,
                0.252790194823703,
                0.8511266319817189,
                0.2597704485381639,
                -0.06502788205776987,
                0.006883125470466487,
                0.013457407478656792
            ],
            [
                0.02466578232234665,
                0.02118058356079423,
                -0.013216930364827156,
                -0.020786929075486137,
                -0.025683198676529264,
                0.2597704485381639,
                0.8364480760382653,
                0.28913373043437934,
                -0.027500916206127293,
                0.006390404491460719
            ],
            [
                0.06219400445329831,
                0.012485633429732931,
                -0.024960006112431137,
                0.017838041246247296,
                -0.0629897192208541,
                -0.06502788205776992,
                0.2891337304343793,
                0.8173548638802959,
                0.11128558898136606,
                0.017726094347735883
            ],
            [
                0.02804823368470282,
                -0.011330027809862798,
                -0.06197581122965389,
                -0.01905190783065778,
                -0.031590713403804774,
                0.0068831254704664994,
                -0.027500916206127303,
                0.11128558898136603,
                0.9294054464320632,
                0.04923674365263481
            ],
            [
                -0.05006463694667337,
                -0.04290816774643917,
                0.023208296291499033,
                0.04050082326640125,
                -0.004022128261730814,
                0.013457407478656801,
                0.006390404491460728,
                0.01772609434773589,
                0.049236743652634814,
                0.9577197134137566
            ]
        ],
        "residual": [
            [
                0.0,
                2.942091015256665e-15,
                3.913536161803677e-15,
                -5.672545766444159e-16,
                -9.71445146547012e-17,
                3.2439329000766293e-16,
                4.753142324176451e-16,
                4.163336342344337e-17,
                -2.636779683484747e-16,
                -5.551115123125783e-17
            ],
            [
                -1.4710455076283324e-15,
                -4.440892098500626e-16,
                2.8033131371785203e-15,
                6.591949208711867e-16,
                1.042568809062061e-15,
                -3.469446951953614e-17,
                -3.400058012914542e-16,
                -7.45931094670027e-17,
                -8.326672684688674e-17,
                -1.1796119636642288e-16
            ],
            [
                -3.969047313034935e-15,
                -2.886579864025407e-15,
                -1.7763568394002505e-15,
                -1.6375789613221059e-15,
                -9.749145934989656e-16,
                -4.510281037539698e-16,
                -1.491862189340054e-16,
                -2.498001805406602e-16,
                1.1102230246251565e-16,
                2.0122792321330962e-16
            ],
            [
                -2.040034807748725e-15,
                -2.7755575615628914e-16,
                1.762479051592436e-15,
                4.440892098500626e-16,
                -3.7470027081099033e-16,
                -4.683753385137379e-17,
                3.469446951953614e-17,
                -6.071532165918825e-17,
                -3.8163916471489756e-17,
                9.020562075079397e-17
            ],
            [
                -1.304512053934559e-15,
                -8.89913143176102e-16,
                -2.2898349882893854e-16,
                -7.632783294297951e-17,
                1.3322676295501878e-15,
                1.700029006457271e-16,
                -1.708702623837155e-16,
                -1.942890293094024e-16,
                -1.1796119636642288e-16,
                5.572799166575493e-17
            ],
            [
                7.45931094670027e-17,
                2.42861286636753e-16,
                4.198030811863873e-16,
                4.51461784622964e-16,
                4.40619762898109e-16,
                0.0,
                1.5959455978986625e-16,
                -3.686287386450715e-16,
                8.847089727481716e-17,
                2.2551405187698492e-17
            ],
            [
                -1.6653345369377348e-16,
                6.938893903907228e-17,
                4.51461784622964e-16,
                1.734723475976807e-16,
                -2.0816681711721685e-17,
                -3.642919299551295e-16,
                -4.440892098500626e-16,
                -2.498001805406602e-16,
                -1.5439038936193583e-16,
                1.0408340855860843e-17
            ],
            [
                7.28583859910259e-16,
                3.400058012914542e-16,
                -4.753142324176451e-16,
                -2.389581588158052e-16,
                -4.163336342344337e-17,
                1.734723475976807e-16,
                -1.5265566588595902e-16,
                0.0,
                2.7755575615628914e-17,
                -7.632783294297951e-17
            ],
            [
                8.291978215169138e-16,
                4.753142324176451e-16,
                -2.706168622523819e-16,
                -2.42861286636753e-17,
                3.8163916471489756e-17,
                2.7755575615628914e-17,
                1.3877787807814457e-17,
                1.457167719820518e-16,
                4.440892098500626e-16,
                -3.469446951953614e-17
            ],
            [
                2.983724378680108e-16,
                3.8510861166685117e-16,
                1.4311468676808659e-16,
                -1.3183898417423734e-16,
                -7.676151381197371e-17,
                -2.3418766925686896e-17,
                1.474514954580286e-17,
                2.42861286636753e-17,
                -4.163336342344337e-17,
                0.0
            ]
        ],
        "residual_norm": 9.160922672014003e-15,
        "nare_converged": true
    },
    {
        "iteration": 3,
        "A": [
            [
                0.0,
                0.0,
                0.0,
                0.0,
                0.0,
                0.0,
                0.0,
                0.0,
                0.0,
                0.0
            ],
            [
                0.0,
                0.0,
                0.0,
                0.0,
                0.0,
                0.0,
                0.0,
                0.0,
                0.0,
                0.0
            ],
            [
                0.0,
                0.0,
                0.0,
                0.0,
                0.0,
                0.0,
                0.0,
                0.0,
