{
 "cells": [
  {
   "cell_type": "code",
   "execution_count": 1,
   "metadata": {},
   "outputs": [],
   "source": [
    "import numpy as np\n",
    "from scipy.linalg import solve_sylvester, norm\n",
    "import scipy.sparse as sp"
   ]
  },
  {
   "cell_type": "code",
   "execution_count": 2,
   "metadata": {},
   "outputs": [],
   "source": [
    "def newton_nare(A, B, C, D, X0, tol=1e-13, kmax=30):\n",
    "    \"\"\"\n",
    "    Newton's method for solving the Nonlinear Algebraic Riccati Equation (NARE):\n",
    "    C + XA + DX - XBX = 0\n",
    "    \"\"\"\n",
    "    X = X0.copy()\n",
    "    k = 0\n",
    "    err = 1\n",
    "\n",
    "    while err > tol and k < kmax:\n",
    "        # Compute residual RX = C + XA + DX - XBX\n",
    "        RX = C + X @ A + D @ X - X @ B @ X\n",
    "\n",
    "        # Solve the Sylvester equation (D - XB)H + H(A - BX) = -RX for H\n",
    "        H = solve_sylvester(D - X @ B, A - B @ X, -RX)\n",
    "\n",
    "        # Update X\n",
    "        X = X + H\n",
    "\n",
    "        # Calculate the error; changed from l1 to frobenius\n",
    "        err = norm(H, 1) / norm(X, 1)\n",
    "        # err = norm(H, 'fro') / (1 + norm(X, 'fro'))\n",
    "\n",
    "        if k % 5 == 0:  # Print every 5 iterations\n",
    "            print(f\"Iteration {k}, Error: {err:.2e}\")\n",
    "        \n",
    "        # Increment iteration counter\n",
    "        k += 1\n",
    "\n",
    "    # Check if the solution converged\n",
    "    if k == kmax:\n",
    "        print(\"Warning: reached the maximum number of iterations without convergence.\")\n",
    "\n",
    "    return X"
   ]
  },
  {
   "cell_type": "code",
   "execution_count": 3,
   "metadata": {},
   "outputs": [],
   "source": [
    "def ensure_positive_definite(M, epsilon=1e-3, min_threshold=1e-3):\n",
    "    \"\"\"Ensure M is well-conditioned ; add small value to diagonal if needed\"\"\"\n",
    "    min_eig = np.min(np.linalg.eigvals(M))\n",
    "    \n",
    "    if min_eig < min_threshold:\n",
    "        print(f\"Minimum eigenvalue too small ({min_eig:.2e}), adding {epsilon} to diagonal elements.\")\n",
    "        M += np.eye(M.shape[0]) * (abs(min_eig) + epsilon)\n",
    "    \n",
    "    return M"
   ]
  },
  {
   "cell_type": "code",
   "execution_count": 11,
   "metadata": {},
   "outputs": [
    {
     "name": "stdout",
     "output_type": "stream",
     "text": [
      "Minimum eigenvalue (-2.50e+03)\n",
      "Iteration 0, Error: 1.02e+00\n",
      "Iteration 5, Error: 1.08e-02\n",
      "Residual after NARE:  [[-5.21804822e-15  2.33840725e-15 -2.45636844e-15 ...  2.13717932e-15\n",
      "  -1.27675648e-15  2.84494650e-16]\n",
      " [ 9.33281230e-16  3.21964677e-15  2.10942375e-15 ...  2.13717932e-15\n",
      "  -1.98452366e-15 -1.31838984e-15]\n",
      " [-2.83106871e-15  4.28823643e-15  8.43769499e-15 ...  4.99600361e-16\n",
      "  -2.13717932e-15 -9.71445147e-16]\n",
      " ...\n",
      " [-8.18789481e-16  5.03069808e-15  9.71445147e-17 ...  6.43929354e-15\n",
      "  -5.28743715e-15  1.92901251e-15]\n",
      " [ 1.49880108e-15  1.06026299e-14  1.58206781e-15 ...  1.80411242e-15\n",
      "  -8.88178420e-16 -3.80251386e-15]\n",
      " [ 2.66453526e-15  5.05151476e-15  5.38458167e-15 ...  5.53723734e-15\n",
      "   2.31759056e-15  1.11022302e-16]]\n",
      "Its norm:  2.9363968579832017e-13\n"
     ]
    }
   ],
   "source": [
    "# random dense matrices\n",
    "\n",
    "n=100\n",
    "\n",
    "A = np.zeros((n, n))\n",
    "\n",
    "B = np.random.rand(n, n)\n",
    "# symmetric positive definite\n",
    "B = B.T @ B + np.eye(n) \n",
    "B = -B \n",
    "min_eig = np.min(np.linalg.eigvals(B))\n",
    "print(f\"Minimum eigenvalue ({min_eig:.2e})\")\n",
    "\n",
    "C = -2*np.eye(n)\n",
    "\n",
    "# symmetric D\n",
    "D = np.random.rand(n, n)\n",
    "D = D.T @ D \n",
    "\n",
    "# initial guess\n",
    "X0 = np.eye(n)\n",
    "\n",
    "X_hat = newton_nare(A, B, C, D, X0)\n",
    "\n",
    "residual = C + X_hat @ A + D @ X_hat - X_hat @ B @ X_hat\n",
    "residual_norm = norm(residual, 'fro')\n",
    "\n",
    "print('Residual after NARE: ', residual)\n",
    "print('Its norm: ', residual_norm)"
   ]
  },
  {
   "cell_type": "code",
   "execution_count": 34,
   "metadata": {},
   "outputs": [
    {
     "name": "stdout",
     "output_type": "stream",
     "text": [
      "Minimum eigenvalue of B (-2.31e+02)\n",
      "Minimum eigenvalue of D (-1.75e+00)\n",
      "Is D symmetric: False\n",
      "Iteration 0, Error: 7.07e-01\n",
      "Iteration 5, Error: 3.98e-04\n",
      "Residual after NARE:  [[-5.32907052e-15 -8.88178420e-15 -5.71764858e-15  8.60422844e-16\n",
      "   5.68989300e-16  3.46944695e-16  2.22044605e-16  1.38777878e-16\n",
      "   5.55111512e-17  3.60822483e-16]\n",
      " [ 2.44249065e-15  4.44089210e-16 -4.32986980e-15 -4.32986980e-15\n",
      "  -7.77156117e-16 -6.93889390e-16 -1.38777878e-16 -2.77555756e-17\n",
      "   9.43689571e-16 -5.55111512e-17]\n",
      " [-4.27435864e-15 -3.21964677e-15  2.22044605e-15  2.77555756e-15\n",
      "   1.04083409e-15  1.31838984e-16  1.24900090e-16  0.00000000e+00\n",
      "   4.30211422e-16  2.22044605e-16]\n",
      " [ 1.87003191e-15 -1.11022302e-15 -1.94289029e-15 -4.44089210e-16\n",
      "   8.88178420e-16  3.88578059e-16  2.77555756e-17  4.85722573e-17\n",
      "   1.11022302e-16  0.00000000e+00]\n",
      " [ 3.88578059e-16 -2.77555756e-16 -9.43689571e-16 -3.88578059e-16\n",
      "  -8.88178420e-16 -1.11022302e-16  1.80411242e-16  6.93889390e-17\n",
      "   8.32667268e-17 -1.73472348e-17]\n",
      " [-1.52655666e-16 -1.66533454e-16  2.22044605e-16  1.66533454e-16\n",
      "  -5.55111512e-16 -8.88178420e-16 -3.33066907e-16 -3.88578059e-16\n",
      "   2.49800181e-16  2.77555756e-17]\n",
      " [ 2.22044605e-16  9.71445147e-16  1.06858966e-15  1.66533454e-16\n",
      "  -9.71445147e-17  1.11022302e-16  4.44089210e-16  0.00000000e+00\n",
      "  -2.77555756e-16 -4.85722573e-17]\n",
      " [ 2.49800181e-16  1.80411242e-16 -1.24900090e-16 -1.80411242e-16\n",
      "  -1.38777878e-16 -1.11022302e-16 -1.11022302e-16 -4.44089210e-16\n",
      "   4.16333634e-17 -1.38777878e-17]\n",
      " [ 8.32667268e-16  8.88178420e-16  1.66533454e-16 -1.94289029e-16\n",
      "  -8.32667268e-17  7.28583860e-17  8.32667268e-17  8.32667268e-17\n",
      "  -4.44089210e-16 -5.55111512e-17]\n",
      " [ 1.66533454e-16  1.11022302e-16 -2.49800181e-16 -8.32667268e-17\n",
      "   6.93889390e-18  0.00000000e+00 -1.38777878e-17 -1.38777878e-17\n",
      "   2.77555756e-17  4.44089210e-16]]\n",
      "Its norm:  1.574462205680326e-14\n"
     ]
    }
   ],
   "source": [
    "n=10\n",
    "\n",
    "A = np.zeros((n, n))\n",
    "\n",
    "B = np.array([\n",
    "            [\n",
    "                -59.11362531279102,\n",
    "                75.43153594250221,\n",
    "                -57.11124037763095,\n",
    "                25.204210708824156,\n",
    "                -11.580154625127848,\n",
    "                7.09656811463124,\n",
    "                -4.337148324936669,\n",
    "                2.8326423337511,\n",
    "                -1.5932758404398573,\n",
    "                0.474695661540603\n",
    "            ],\n",
    "            [\n",
    "                75.43153594250221,\n",
    "                -100.43138209789133,\n",
    "                75.45900932619696,\n",
    "                -33.22103199709386,\n",
    "                15.610176247077213,\n",
    "                -9.545427137028039,\n",
    "                5.84434913764021,\n",
    "                -3.332290023245956,\n",
    "                2.2315056301838685,\n",
    "                -1.0337596756756418\n",
    "            ],\n",
    "            [\n",
    "                -57.11124037763095,\n",
    "                75.45900932619696,\n",
    "                -59.534859422494016,\n",
    "                26.22717395486668,\n",
    "                -12.679620999632071,\n",
    "                8.17552414800423,\n",
    "                -4.902309918749398,\n",
    "                2.6555675047751226,\n",
    "                -2.064866595639905,\n",
    "                0.7602448330458764\n",
    "            ],\n",
    "            [\n",
    "                25.204210708824156,\n",
    "                -33.22103199709386,\n",
    "                26.22717395486668,\n",
    "                -14.735953262918851,\n",
    "                7.006843771595771,\n",
    "                -4.726707846171816,\n",
    "                2.4688014202526007,\n",
    "                -1.1243268710458707,\n",
    "                0.8008425547158349,\n",
    "                -0.03780523648447405\n",
    "            ],\n",
    "            [\n",
    "                -11.580154625127848,\n",
    "                15.610176247077213,\n",
    "                -12.679620999632071,\n",
    "                7.006843771595771,\n",
    "                -6.910613517806627,\n",
    "                4.751807098556162,\n",
    "                -2.670909224846079,\n",
    "                1.0281224246207978,\n",
    "                -0.7837517123092583,\n",
    "                0.028146405802881677\n",
    "            ],\n",
    "            [\n",
    "                7.09656811463124,\n",
    "                -9.545427137028039,\n",
    "                8.17552414800423,\n",
    "                -4.726707846171816,\n",
    "                4.751807098556162,\n",
    "                -7.24148736693112,\n",
    "                4.943800514960208,\n",
    "                -2.8947965754444214,\n",
    "                1.0183055863175776,\n",
    "                0.083266331730018\n",
    "            ],\n",
    "            [\n",
    "                -4.337148324936669,\n",
    "                5.84434913764021,\n",
    "                -4.902309918749398,\n",
    "                2.4688014202526007,\n",
    "                -2.670909224846079,\n",
    "                4.943800514960208,\n",
    "                -7.08180854957831,\n",
    "                4.417206257314923,\n",
    "                -1.2388811868644913,\n",
    "                -0.001751057619573599\n",
    "            ],\n",
    "            [\n",
    "                2.8326423337511,\n",
    "                -3.332290023245956,\n",
    "                2.6555675047751226,\n",
    "                -1.1243268710458707,\n",
    "                1.0281224246207978,\n",
    "                -2.8947965754444214,\n",
    "                4.417206257314923,\n",
    "                -5.627169272636874,\n",
    "                1.312608657174295,\n",
    "                0.07512300153888427\n",
    "            ],\n",
    "            [\n",
    "                -1.5932758404398573,\n",
    "                2.2315056301838685,\n",
    "                -2.064866595639905,\n",
    "                0.8008425547158349,\n",
    "                -0.7837517123092583,\n",
    "                1.0183055863175776,\n",
    "                -1.2388811868644913,\n",
    "                1.312608657174295,\n",
    "                -2.6901528579647493,\n",
    "                0.256771385080583\n",
    "            ],\n",
    "            [\n",
    "                0.474695661540603,\n",
    "                -1.0337596756756418,\n",
    "                0.7602448330458764,\n",
    "                -0.03780523648447405,\n",
    "                0.028146405802881677,\n",
    "                0.083266331730018,\n",
    "                -0.001751057619573599,\n",
    "                0.07512300153888427,\n",
    "                0.256771385080583,\n",
    "                -2.2578746314865503\n",
    "            ]\n",
    "        ])\n",
    "min_eig = np.min(np.linalg.eigvals(B))\n",
    "print(f\"Minimum eigenvalue of B ({min_eig:.2e})\")\n",
    "\n",
    "C = -2*np.eye(n)\n",
    "\n",
    "# symmetric D\n",
    "D = np.array([\n",
    "            [\n",
    "                -0.9026279364702661,\n",
    "                -0.4526871310897436,\n",
    "                -0.06346160943961326,\n",
    "                0.1402907199683117,\n",
    "                0.10898378291252539,\n",
    "                -0.14073272086589925,\n",
    "                0.11599866995826566,\n",
    "                0.15542819849445944,\n",
    "                0.14676619139234667,\n",
    "                -0.15744821636846118\n",
    "            ],\n",
    "            [\n",
    "                -0.44777625422043804,\n",
    "                -0.820915833683252,\n",
    "                -0.37017232213193624,\n",
    "                -0.1815742217994533,\n",
    "                0.15878341166220433,\n",
    "                0.12275031669072153,\n",
    "                0.07495845878948158,\n",
    "                0.1186124256712161,\n",
    "                -0.09591553062986882,\n",
    "                -0.15973494959043888\n",
    "            ],\n",
    "            [\n",
    "                -0.06901777130921888,\n",
    "                -0.37488903335250906,\n",
    "                -0.9103805089848097,\n",
    "                -0.08583190108415673,\n",
    "                -0.1485075806219906,\n",
    "                0.15865432203866872,\n",
    "                -0.1031760604852482,\n",
    "                -0.0896976088805703,\n",
    "                -0.1404409078641274,\n",
    "                0.11950255830479842\n",
    "            ],\n",
    "            [\n",
    "                0.12871034441923018,\n",
    "                -0.1908406016354298,\n",
    "                -0.08843555730053082,\n",
    "                -0.8046025903943269,\n",
    "                -0.042624649756746735,\n",
    "                -0.17368022519237097,\n",
    "                -0.096131835494128,\n",
    "                0.11936352992553141,\n",
    "                -0.1359575850703021,\n",
    "                0.18333107304639737\n",
    "            ],\n",
    "            [\n",
    "                0.048923815726967114,\n",
    "                0.17430157591147707,\n",
    "                -0.14167184577921302,\n",
    "                -0.030465411844909307,\n",
    "                -0.9164113959705685,\n",
    "                -0.22470800962823362,\n",
    "                0.07473593479287619,\n",
    "                -0.12134709745709737,\n",
    "                -0.1737809916876902,\n",
    "                0.0008369954768345824\n",
    "            ],\n",
    "            [\n",
    "                -0.09449790201771766,\n",
    "                0.13811636635618715,\n",
    "                0.1879463435225009,\n",
    "                -0.14670910526795589,\n",
    "                -0.2354610230502936,\n",
    "                -0.9374909944220572,\n",
    "                -0.2696154771779648,\n",
    "                -0.17282442495140268,\n",
    "                0.09258593554122502,\n",
    "                0.09559219111452973\n",
    "            ],\n",
    "            [\n",
    "                0.12343928726860379,\n",
    "                0.11084747671227213,\n",
    "                -0.10676529901648522,\n",
    "                -0.13891439070423,\n",
    "                0.04003799261671438,\n",
    "                -0.25233643325869987,\n",
    "                -0.9541916146656501,\n",
    "                -0.2894120631289028,\n",
    "                -0.12438846863551373,\n",
    "                0.05718630626814524\n",
    "            ],\n",
    "            [\n",
    "                0.15663768322561689,\n",
    "                0.08673837062220395,\n",
    "                -0.13427988000501587,\n",
    "                0.12513516454137283,\n",
    "                -0.13100372652851014,\n",
    "                -0.10250468653086257,\n",
    "                -0.2905456282842032,\n",
    "                -0.8317072425333161,\n",
    "                0.05003672446889834,\n",
    "                0.10807475604280194\n",
    "            ],\n",
    "            [\n",
    "                0.17692972390475742,\n",
    "                -0.07282144395139624,\n",
    "                -0.14948154397830707,\n",
    "                -0.0736990371453808,\n",
    "                -0.1890336833924164,\n",
    "                0.15065075297862457,\n",
    "                -0.17314112923839445,\n",
    "                0.030385131369461277,\n",
    "                -0.9477783483057095,\n",
    "                0.15978485454784097\n",
    "            ],\n",
    "            [\n",
    "                -0.18919880018425106,\n",
    "                -0.17740020910464363,\n",
    "                0.143572636459746,\n",
    "                0.17505956149131116,\n",
    "                -0.04609755822887462,\n",
    "                0.09884586430886466,\n",
    "                0.007514535686763914,\n",
    "                0.09825351684848807,\n",
    "                0.15913288114269566,\n",
    "                -1.0036156611845453\n",
    "            ]\n",
    "        ])\n",
    "min_eig = np.min(np.linalg.eigvals(D))\n",
    "print(f\"Minimum eigenvalue of D ({min_eig:.2e})\")\n",
    "print(f\"Is D symmetric: {np.array_equal(D, D.T)}\")\n",
    "\n",
    "# initial guess\n",
    "X0 = np.eye(n)\n",
    "\n",
    "X_hat = newton_nare(A, B, C, D, X0)\n",
    "\n",
    "residual = C + X_hat @ A + D @ X_hat - X_hat @ B @ X_hat\n",
    "residual_norm = norm(residual, 'fro')\n",
    "\n",
    "print('Residual after NARE: ', residual)\n",
    "print('Its norm: ', residual_norm)"
   ]
  },
  {
   "cell_type": "code",
   "execution_count": null,
   "metadata": {},
   "outputs": [],
   "source": []
  }
 ],
 "metadata": {
  "kernelspec": {
   "display_name": "base",
   "language": "python",
   "name": "python3"
  },
  "language_info": {
   "codemirror_mode": {
    "name": "ipython",
    "version": 3
   },
   "file_extension": ".py",
   "mimetype": "text/x-python",
   "name": "python",
   "nbconvert_exporter": "python",
   "pygments_lexer": "ipython3",
   "version": "3.11.5"
  }
 },
 "nbformat": 4,
 "nbformat_minor": 2
}
