{
  "nbformat": 4,
  "nbformat_minor": 0,
  "metadata": {
    "colab": {
      "provenance": []
    },
    "kernelspec": {
      "name": "python3",
      "display_name": "Python 3"
    },
    "language_info": {
      "name": "python"
    }
  },
  "cells": [
    {
      "cell_type": "code",
      "execution_count": null,
      "metadata": {
        "id": "je8SzuFHlOOR"
      },
      "outputs": [],
      "source": [
        "import numpy as np\n",
        "import scipy.sparse as sp\n",
        "from scipy.sparse import csc_matrix\n",
        "\n",
        "def make_sparse_spd_matrix(\n",
        "    n_dim=10,\n",
        "    alpha=0.95,\n",
        "    norm_diag=False,\n",
        "    smallest_coef=0.1,\n",
        "    largest_coef=0.9,\n",
        "    random_state=None\n",
        "):\n",
        "    \"\"\"\n",
        "    Generate a sparse symmetric positive definite (SPD) matrix.\n",
        "\n",
        "    Parameters\n",
        "    ----------\n",
        "    n_dim : int, default=10\n",
        "        The size of the random matrix to generate.\n",
        "\n",
        "    alpha : float, default=0.95\n",
        "        The probability that a coefficient is zero, controlling sparsity.\n",
        "        Higher values mean more sparsity. Should be between 0 and 1.\n",
        "\n",
        "    norm_diag : bool, default=False\n",
        "        If True, normalizes the matrix so that the diagonal elements are all 1.\n",
        "\n",
        "    smallest_coef : float, default=0.1\n",
        "        The smallest coefficient in the randomly generated values (between 0 and 1).\n",
        "\n",
        "    largest_coef : float, default=0.9\n",
        "        The largest coefficient in the randomly generated values (between 0 and 1).\n",
        "\n",
        "    random_state : int or None, default=None\n",
        "        Seed for random number generation, ensuring reproducible results.\n",
        "\n",
        "    Returns\n",
        "    -------\n",
        "    ndarray or sparse matrix\n",
        "        The generated sparse SPD matrix as a dense ndarray.\n",
        "    \"\"\"\n",
        "    rng = np.random.default_rng(random_state)\n",
        "\n",
        "    # Start with a negative identity matrix, which will form the basis of the Cholesky factor.\n",
        "    chol = -sp.eye(n_dim, format=\"csc\")\n",
        "\n",
        "    # Generate a random sparse lower triangular matrix to add sparsity\n",
        "    aux = sp.random(\n",
        "        m=n_dim, n=n_dim, density=1 - alpha,\n",
        "        data_rvs=lambda x: rng.uniform(low=smallest_coef, high=largest_coef, size=x),\n",
        "        format=\"csc\"\n",
        "    )\n",
        "    aux = sp.tril(aux, k=-1, format=\"csc\")\n",
        "\n",
        "    # Randomly permute rows and columns to avoid asymmetries\n",
        "    permutation = rng.permutation(n_dim)\n",
        "    aux = aux[permutation].T[permutation]\n",
        "\n",
        "    # Add the sparse auxiliary matrix to the Cholesky factor\n",
        "    chol += aux\n",
        "\n",
        "    # Form the SPD matrix by taking the product of the Cholesky factor with its transpose\n",
        "    prec = chol.T @ chol\n",
        "\n",
        "    # Optionally normalize the diagonal to 1\n",
        "    if norm_diag:\n",
        "        d = sp.diags(1.0 / np.sqrt(prec.diagonal()))\n",
        "        prec = d @ prec @ d\n",
        "\n",
        "    return prec.toarray()\n"
      ]
    },
    {
      "cell_type": "code",
      "source": [
        "import numpy as np\n",
        "import scipy.linalg as la\n",
        "import scipy.sparse as sparse\n",
        "from scipy.linalg import solve_sylvester, norm\n",
        "\n",
        "# Fix random number generator for reproducibility\n",
        "np.random.seed(0)\n",
        "\n",
        "# Dimension of matrix\n",
        "n = 10\n",
        "\n",
        "# Number of samples\n",
        "N = 100\n",
        "\n",
        "# Create sparse matrix B\n",
        "B = spd_matrix = make_sparse_spd_matrix(n_dim=n, alpha=0.8, norm_diag=True, random_state=42) # creates a true B matrix that is sparse, symmetric, and positive definite.\n",
        "print(\"B (the generator of inverse covariance matrix):\") # We are creating inverse covariance matrix first\n",
        "print(B) # Strue is Omega in our case\n",
        "\n",
        "# Create a true inverse covariance matrix\n",
        "Strue = np.linalg.matrix_power(B, 2) # inverse matrix is given by squaring our sparse B\n",
        "print(\"S_true (Inverse Covariance Matrix):\") # We are creating inverse covariance matrix first\n",
        "print(Strue) # Strue is Omega in our case\n",
        "\n",
        "# Compute the covariance matrix associated with Strue\n",
        "E = np.linalg.inv(Strue) # Sigma is probably a better notation\n",
        "print(\"Covariance Matrix E:\")\n",
        "print(E)\n",
        "\n",
        "# Generate N samples Y ~ N(0, E)\n",
        "# To generate these samples, we use the square root of the covariance matrix E\n",
        "y_samples = la.sqrtm(E).dot(np.random.randn(n, N))\n",
        "\n",
        "# Calculate the sample covariance matrix from the generated samples\n",
        "S = np.cov(y_samples)\n",
        "print(\"Sample Covariance Matrix S (from samples):\")\n",
        "print(S)"
      ],
      "metadata": {
        "colab": {
          "base_uri": "https://localhost:8080/"
        },
        "id": "c49D6hHYld0j",
        "outputId": "5212f42b-03f7-4ef4-f860-54524bd86596"
      },
      "execution_count": null,
      "outputs": [
        {
          "output_type": "stream",
          "name": "stdout",
          "text": [
            "B (the generator of inverse covariance matrix):\n",
            "[[ 1.          0.         -0.61838701  0.28339046 -0.11737765  0.\n",
            "  -0.39767838  0.25597709  0.          0.        ]\n",
            " [ 0.          1.          0.          0.          0.          0.\n",
            "   0.          0.          0.          0.        ]\n",
            " [-0.61838701  0.          1.         -0.45827364  0.          0.\n",
            "   0.         -0.41394319  0.          0.        ]\n",
            " [ 0.28339046  0.         -0.45827364  1.          0.          0.\n",
            "   0.         -0.23419504  0.          0.        ]\n",
            " [-0.11737765  0.          0.          0.          1.          0.\n",
            "   0.07558087  0.          0.          0.        ]\n",
            " [ 0.          0.          0.          0.          0.          1.\n",
            "  -0.49881896  0.         -0.60417839  0.        ]\n",
            " [-0.39767838  0.          0.          0.          0.07558087 -0.49881896\n",
            "   1.          0.          0.30137563  0.        ]\n",
            " [ 0.25597709  0.         -0.41394319 -0.23419504  0.          0.\n",
            "   0.          1.          0.          0.        ]\n",
            " [ 0.          0.          0.          0.          0.         -0.60417839\n",
            "   0.30137563  0.          1.          0.        ]\n",
            " [ 0.          0.          0.          0.          0.          0.\n",
            "   0.          0.          0.          1.        ]]\n",
            "S_true (Inverse Covariance Matrix):\n",
            "[[ 1.70016252  0.         -1.47260437  0.79022283 -0.26481218  0.19836951\n",
            "  -0.80422826  0.70156263 -0.11985057  0.        ]\n",
            " [ 0.          1.          0.          0.          0.          0.\n",
            "   0.          0.          0.          0.        ]\n",
            " [-1.47260437  0.          1.76376618 -0.99484881  0.07258481  0.\n",
            "   0.24591914 -0.87885388  0.          0.        ]\n",
            " [ 0.79022283  0.         -0.99484881  1.3451722  -0.03326371  0.\n",
            "  -0.11269826 -0.20614937  0.          0.        ]\n",
            " [-0.26481218  0.          0.07258481 -0.03326371  1.01948998 -0.03770117\n",
            "   0.19784028 -0.03004599  0.02277823  0.        ]\n",
            " [ 0.19836951  0.          0.          0.         -0.03770117  1.61385187\n",
            "  -1.17972255  0.         -1.35868865  0.        ]\n",
            " [-0.80422826  0.          0.24591914 -0.11269826  0.19784028 -1.17972255\n",
            "   1.50350818 -0.10179655  0.90412689  0.        ]\n",
            " [ 0.70156263  0.         -0.87885388 -0.20614937 -0.03004599  0.\n",
            "  -0.10179655  1.29172056  0.          0.        ]\n",
            " [-0.11985057  0.          0.          0.          0.02277823 -1.35868865\n",
            "   0.90412689  0.          1.45585879  0.        ]\n",
            " [ 0.          0.          0.          0.          0.          0.\n",
            "   0.          0.          0.          1.        ]]\n",
            "Covariance Matrix E:\n",
            "[[ 1.07456069e+01  0.00000000e+00  9.71359102e+00  1.80263512e+00\n",
            "   8.68915426e-01  4.89425238e+00  7.76347901e+00  1.69241388e+00\n",
            "   6.17278113e-01  0.00000000e+00]\n",
            " [ 0.00000000e+00  1.00000000e+00  0.00000000e+00  0.00000000e+00\n",
            "   0.00000000e+00  0.00000000e+00  0.00000000e+00  0.00000000e+00\n",
            "   0.00000000e+00  0.00000000e+00]\n",
            " [ 9.71359102e+00  0.00000000e+00  1.44360012e+01  6.46047787e+00\n",
            "   7.76550369e-01  3.82489577e+00  6.40132242e+00  6.09979562e+00\n",
            "   3.81716765e-01  0.00000000e+00]\n",
            " [ 1.80263512e+00  0.00000000e+00  6.46047787e+00  5.20745839e+00\n",
            "   1.40529094e-01  4.68982010e-01  9.40184820e-01  4.32492827e+00\n",
            "  -1.47001344e-15  0.00000000e+00]\n",
            " [ 8.68915426e-01  0.00000000e+00  7.76550369e-01  1.40529094e-01\n",
            "   1.09839359e+00  1.74333276e-01  3.49492083e-01  1.31936512e-01\n",
            "  -3.88911491e-16  0.00000000e+00]\n",
            " [ 4.89425238e+00  0.00000000e+00  3.82489577e+00  4.68982010e-01\n",
            "   1.74333276e-01  6.81794981e+00  5.29423117e+00  4.40306335e-01\n",
            "   3.47521491e+00  0.00000000e+00]\n",
            " [ 7.76347901e+00  0.00000000e+00  6.40132242e+00  9.40184820e-01\n",
            "   3.49492083e-01  5.29423117e+00  7.43265966e+00  8.82697681e-01\n",
            "   9.58637544e-01  0.00000000e+00]\n",
            " [ 1.69241388e+00  0.00000000e+00  6.09979562e+00  4.32492827e+00\n",
            "   1.31936512e-01  4.40306335e-01  8.82697681e-01  4.76797836e+00\n",
            "  -1.28813302e-15  0.00000000e+00]\n",
            " [ 6.17278113e-01  0.00000000e+00  3.81716765e-01 -8.26273270e-16\n",
            "  -3.19654234e-16  3.47521491e+00  9.58637544e-01 -7.00072292e-16\n",
            "   3.38562107e+00  0.00000000e+00]\n",
            " [ 0.00000000e+00  0.00000000e+00  0.00000000e+00  0.00000000e+00\n",
            "   0.00000000e+00  0.00000000e+00  0.00000000e+00  0.00000000e+00\n",
            "   0.00000000e+00  1.00000000e+00]]\n",
            "Sample Covariance Matrix S (from samples):\n",
            "[[ 9.65696396e+00 -1.42913526e-01  9.00954421e+00  1.90046030e+00\n",
            "   1.01682148e+00  3.35767207e+00  6.30171788e+00  1.72567791e+00\n",
            "   3.11548047e-01 -8.13919908e-01]\n",
            " [-1.42913526e-01  9.77763900e-01  1.32064257e-01  3.27510597e-01\n",
            "  -4.44805231e-02 -2.90703445e-01  4.77951313e-03  2.08808941e-01\n",
            "  -2.74672189e-01  3.60885670e-02]\n",
            " [ 9.00954421e+00  1.32064257e-01  1.34400538e+01  6.18056095e+00\n",
            "   1.22487817e+00  2.34506141e+00  4.89767479e+00  5.72588615e+00\n",
            "   9.82345967e-02 -4.46662857e-01]\n",
            " [ 1.90046030e+00  3.27510597e-01  6.18056095e+00  5.08219462e+00\n",
            "   5.39370863e-01  2.98677884e-01  4.89306982e-01  4.11939479e+00\n",
            "   2.00814133e-01  2.02162375e-02]\n",
            " [ 1.01682148e+00 -4.44805231e-02  1.22487817e+00  5.39370863e-01\n",
            "   1.11646120e+00  5.01758026e-01  3.77372190e-01  4.52135226e-01\n",
            "   2.59276348e-01 -1.74893803e-01]\n",
            " [ 3.35767207e+00 -2.90703445e-01  2.34506141e+00  2.98677884e-01\n",
            "   5.01758026e-01  5.30875019e+00  3.73801201e+00  7.07871233e-02\n",
            "   2.86931719e+00 -7.89202136e-01]\n",
            " [ 6.30171788e+00  4.77951313e-03  4.89767479e+00  4.89306982e-01\n",
            "   3.77372190e-01  3.73801201e+00  6.10054696e+00  6.56146051e-01\n",
            "   3.82126546e-01 -7.14716738e-01]\n",
            " [ 1.72567791e+00  2.08808941e-01  5.72588615e+00  4.11939479e+00\n",
            "   4.52135226e-01  7.07871233e-02  6.56146051e-01  4.35346553e+00\n",
            "  -2.77963317e-01  6.69558761e-02]\n",
            " [ 3.11548047e-01 -2.74672189e-01  9.82345967e-02  2.00814133e-01\n",
            "   2.59276348e-01  2.86931719e+00  3.82126546e-01 -2.77963317e-01\n",
            "   2.99529812e+00 -3.73523052e-01]\n",
            " [-8.13919908e-01  3.60885670e-02 -4.46662857e-01  2.02162375e-02\n",
            "  -1.74893803e-01 -7.89202136e-01 -7.14716738e-01  6.69558761e-02\n",
            "  -3.73523052e-01  1.02500782e+00]]\n"
          ]
        }
      ]
    },
    {
      "cell_type": "code",
      "source": [
        "def newton_nare(A, B, C, D, X0, tol=1e-13, kmax=30):\n",
        "    \"\"\"\n",
        "    Newton's method for solving the Nonlinear Algebraic Riccati Equation (NARE):\n",
        "    C + XA + DX - XBX = 0\n",
        "    \"\"\"\n",
        "    X = X0.copy()\n",
        "    k = 0\n",
        "    err = 1\n",
        "\n",
        "    while err > tol and k < kmax:\n",
        "        # Compute residual RX = C + XA + DX - XBX\n",
        "        RX = C + X @ A + D @ X - X @ B @ X\n",
        "\n",
        "        # Solve the Sylvester equation (D - XB)H + H(A - BX) = -RX for H\n",
        "        H = solve_sylvester(D - X @ B, A - B @ X, -RX)\n",
        "\n",
        "        # Update X\n",
        "        X = X + H\n",
        "\n",
        "        # Calculate the error\n",
        "        err = norm(H, 1) / norm(X, 1)\n",
        "\n",
        "        # Increment iteration counter\n",
        "        k += 1\n",
        "\n",
        "    # Check if the solution converged\n",
        "    if k == kmax:\n",
        "        print(\"Warning: reached the maximum number of iterations without convergence.\")\n",
        "\n",
        "    return X"
      ],
      "metadata": {
        "id": "tQGJnPihlgjt"
      },
      "execution_count": null,
      "outputs": []
    },
    {
      "cell_type": "code",
      "source": [
        "# Soft thresholding function\n",
        "def soft_thresholding(x, threshold):\n",
        "    \"\"\"Applies soft-thresholding elementwise.\"\"\"\n",
        "    return np.sign(x) * np.maximum(np.abs(x) - threshold, 0)"
      ],
      "metadata": {
        "id": "sdGMJuRwnPup"
      },
      "execution_count": null,
      "outputs": []
    },
    {
      "cell_type": "code",
      "source": [
        "\n",
        "# ADMM Algorithm for Elastic-Net Penalized Precision Matrix Estimation\n",
        "def admm_precision_matrix(S, lambda_, alpha, rho=1.0, max_iter=100, tol=1e-4):\n",
        "    \"\"\"\n",
        "    ADMM algorithm for precision matrix estimation with elastic-net penalty.\n",
        "    \"\"\"\n",
        "    n = S.shape[0]\n",
        "    Z = np.zeros((n, n))\n",
        "    Lambda = np.zeros((n, n))\n",
        "    I = np.eye(n)  # Identity matrix\n",
        "\n",
        "    # Initial B (can be initialized as identity matrix)\n",
        "    B = np.eye(n)\n",
        "\n",
        "    for k in range(max_iter):\n",
        "        # Step 1: Update B using Newton NARE\n",
        "        # Here, we set up the matrices to solve the NARE: A3 + XA1 + A4X - XA2X = 0\n",
        "        A3 = - 2 * I\n",
        "        A4 = Lambda - rho * Z\n",
        "        A1 = 0 * I\n",
        "        A2 = - (2 * S + rho * I)\n",
        "        X0 = B  # Initial guess for Newton NARE\n",
        "\n",
        "        # Solve for the new B using Newton NARE\n",
        "        B_new = newton_nare(A1, A2, A3, A4, X0)\n",
        "\n",
        "        # Step 2: Update Z elementwise using soft-thresholding\n",
        "        Z_new = soft_thresholding(rho * B_new + Lambda, lambda_)\n",
        "        Z_new = Z_new / rho\n",
        "\n",
        "        # Step 3: Update Lambda (Lagrange multiplier)\n",
        "        Lambda_new = Lambda + rho * (B_new - Z_new)\n",
        "\n",
        "        # Check convergence\n",
        "        if np.linalg.norm(B_new - B, ord='fro') < tol:\n",
        "            print(f\"Converged after {k+1} iterations.\")\n",
        "            break\n",
        "\n",
        "        # Update for the next iteration\n",
        "        B, Z, Lambda = B_new, Z_new, Lambda_new\n",
        "\n",
        "    return B\n",
        "\n",
        "# Parameters for the elastic-net penalty and ADMM algorithm\n",
        "lambda_ = 0.194  # Regularization strength\n",
        "alpha = 1  # Mixing parameter (0 = Ridge, 1 = Lasso)\n",
        "rho = 1.0  # ADMM penalty parameter\n",
        "max_iter = 100  # Maximum number of iterations\n",
        "tol = 1e-4  # Convergence tolerance\n",
        "\n",
        "# Run the ADMM algorithm using the generated sample covariance matrix\n",
        "B_estimate = admm_precision_matrix(S, lambda_, alpha, rho, max_iter, tol)\n",
        "\n",
        "print(\"Estimated Precision Matrix (B estimate):\")\n",
        "print(B_estimate)\n",
        "\n",
        "#print(B_estimate @ B_estimate)"
      ],
      "metadata": {
        "colab": {
          "base_uri": "https://localhost:8080/"
        },
        "id": "h2vCOGBFnT5J",
        "outputId": "247db69d-870b-4f87-bfbf-410a99086b2d"
      },
      "execution_count": null,
      "outputs": [
        {
          "output_type": "stream",
          "name": "stdout",
          "text": [
            "Converged after 58 iterations.\n",
            "Estimated Precision Matrix (B estimate):\n",
            "[[ 8.15623392e-01  4.82672540e-05 -4.55276708e-01  1.34197512e-01\n",
            "  -6.35834586e-02 -7.79987792e-04 -3.04281179e-01  1.89868025e-01\n",
            "  -2.50657377e-04  2.81095623e-02]\n",
            " [ 6.43929637e-03  9.75770481e-01  1.37838311e-05 -3.55516390e-02\n",
            "   7.98768390e-07  6.73760428e-03 -3.91509750e-06  1.17100851e-05\n",
            "   3.34967246e-02  7.59102129e-08]\n",
            " [-4.61856379e-01  3.02696448e-05  7.97365300e-01 -2.98196191e-01\n",
            "  -2.87799175e-03  1.31359814e-04  6.62136959e-05 -3.29175455e-01\n",
            "  -4.65531810e-05 -5.69954306e-05]\n",
            " [ 1.33768106e-01 -2.97156842e-02 -2.98335073e-01  8.61011940e-01\n",
            "  -3.25962949e-03 -4.47769225e-06  3.89148280e-02 -2.66797474e-01\n",
            "  -4.28109534e-02 -2.49131386e-05]\n",
            " [-4.66086498e-02  2.38281477e-06 -3.55616019e-02 -9.41820007e-03\n",
            "   9.53763450e-01 -2.63207624e-02  2.63535521e-02 -2.56885394e-06\n",
            "  -8.88916559e-03  1.47560400e-03]\n",
            " [-9.47469789e-05  5.95581652e-03  1.09368409e-04  2.08507950e-04\n",
            "  -2.11153725e-02  8.28135406e-01 -3.30264266e-01  1.62671538e-04\n",
            "  -4.40180503e-01  4.66588658e-02]\n",
            " [-3.02589113e-01 -8.96511514e-04 -1.86161902e-05  2.27977556e-02\n",
            "   3.09894774e-02 -3.16847596e-01  8.00411673e-01 -3.33488326e-05\n",
            "   1.83182701e-01 -1.68969949e-05]\n",
            " [ 1.79094813e-01  6.08679831e-06 -3.22751471e-01 -2.68706976e-01\n",
            "   1.59395595e-06 -4.76081967e-05 -4.11206024e-05  9.58511931e-01\n",
            "   4.64539014e-02 -1.71561996e-05]\n",
            " [-2.71318967e-04  6.03940930e-03 -2.53765607e-04 -2.44788500e-02\n",
            "  -4.35150795e-05 -4.41137125e-01  1.91353273e-01  2.75758799e-02\n",
            "   8.86074265e-01  1.26796202e-05]\n",
            " [ 3.43021723e-02 -3.93133788e-05 -2.40543088e-04 -2.67736710e-04\n",
            "  -1.04873751e-05  7.43495212e-02  3.03522811e-03 -5.47479440e-03\n",
            "  -3.93667912e-05  9.89268955e-01]]\n"
          ]
        }
      ]
    },
    {
      "cell_type": "code",
      "source": [
        "# Make the estimated precision matrix symmetric\n",
        "B_estimate = (B_estimate + B_estimate.T) / 2\n",
        "\n",
        "# Verify the symmetry and print the adjusted B_estimate\n",
        "print(\"Symmetric Estimated Precision Matrix (B estimate):\")\n",
        "print(B_estimate)\n",
        "\n",
        "# Test the matrix by computing its square\n",
        "#print(\"B_estimate @ B_estimate (should approximate the inverse covariance matrix):\")\n",
        "#print(B_estimate @ B_estimate)"
      ],
      "metadata": {
        "colab": {
          "base_uri": "https://localhost:8080/"
        },
        "id": "s5NVwB5Kn26W",
        "outputId": "3489e50a-85fe-4245-8496-cbb3c02128e9"
      },
      "execution_count": null,
      "outputs": [
        {
          "output_type": "stream",
          "name": "stdout",
          "text": [
            "Symmetric Estimated Precision Matrix (B estimate):\n",
            "[[ 8.15623392e-01  3.24378181e-03 -4.58566543e-01  1.33982809e-01\n",
            "  -5.50960542e-02 -4.37367385e-04 -3.03435146e-01  1.84481419e-01\n",
            "  -2.60988172e-04  3.12058673e-02]\n",
            " [ 3.24378181e-03  9.75770481e-01  2.20267379e-05 -3.26336616e-02\n",
            "   1.59079158e-06  6.34671040e-03 -4.50213306e-04  8.89844169e-06\n",
            "   1.97680669e-02 -1.96187343e-05]\n",
            " [-4.58566543e-01  2.20267379e-05  7.97365300e-01 -2.98265632e-01\n",
            "  -1.92197968e-02  1.20364112e-04  2.37987528e-05 -3.25963463e-01\n",
            "  -1.50159394e-04 -1.48769259e-04]\n",
            " [ 1.33982809e-01 -3.26336616e-02 -2.98265632e-01  8.61011940e-01\n",
            "  -6.33891478e-03  1.02015129e-04  3.08562918e-02 -2.67752225e-01\n",
            "  -3.36449017e-02 -1.46324924e-04]\n",
            " [-5.50960542e-02  1.59079158e-06 -1.92197968e-02 -6.33891478e-03\n",
            "   9.53763450e-01 -2.37180675e-02  2.86715147e-02 -4.87448993e-07\n",
            "  -4.46634033e-03  7.32558313e-04]\n",
            " [-4.37367385e-04  6.34671040e-03  1.20364112e-04  1.02015129e-04\n",
            "  -2.37180675e-02  8.28135406e-01 -3.23555931e-01  5.75316706e-05\n",
            "  -4.40658814e-01  6.05041935e-02]\n",
            " [-3.03435146e-01 -4.50213306e-04  2.37987528e-05  3.08562918e-02\n",
            "   2.86715147e-02 -3.23555931e-01  8.00411673e-01 -3.72347175e-05\n",
            "   1.87267987e-01  1.50916556e-03]\n",
            " [ 1.84481419e-01  8.89844169e-06 -3.25963463e-01 -2.67752225e-01\n",
            "  -4.87448993e-07  5.75316706e-05 -3.72347175e-05  9.58511931e-01\n",
            "   3.70148906e-02 -2.74597530e-03]\n",
            " [-2.60988172e-04  1.97680669e-02 -1.50159394e-04 -3.36449017e-02\n",
            "  -4.46634033e-03 -4.40658814e-01  1.87267987e-01  3.70148906e-02\n",
            "   8.86074265e-01 -1.33435855e-05]\n",
            " [ 3.12058673e-02 -1.96187343e-05 -1.48769259e-04 -1.46324924e-04\n",
            "   7.32558313e-04  6.05041935e-02  1.50916556e-03 -2.74597530e-03\n",
            "  -1.33435855e-05  9.89268955e-01]]\n"
          ]
        }
      ]
    },
    {
      "cell_type": "code",
      "source": [
        "#Thresholding B_estimate\n",
        "\n",
        "import numpy as np\n",
        "\n",
        "def hard_threshold(B_estimate,threshold):\n",
        "  return np.where(np.abs(B_estimate) > threshold, B_estimate, 0)\n",
        "\n",
        "\n",
        "B_estimate = hard_threshold(B_estimate , 0.01)\n",
        "\n",
        "\n"
      ],
      "metadata": {
        "id": "U0IvvFLPs1u-"
      },
      "execution_count": null,
      "outputs": []
    },
    {
      "cell_type": "code",
      "source": [
        "#Plotting tools\n",
        "\n",
        "import matplotlib.pyplot as plt\n",
        "\n",
        "# Create figure.\n",
        "plt.figure()\n",
        "plt.figure(figsize=(12, 12))\n",
        "\n",
        "# Plot sparsity pattern for B matrix.\n",
        "plt.subplot(2, 2, 1)\n",
        "plt.spy(B)\n",
        "plt.title('B matrix', fontsize=16)\n",
        "\n",
        "# Plot sparsity pattern for Omega/Strue matrix.\n",
        "plt.subplot(2, 2, 2)\n",
        "plt.spy(B_estimate)\n",
        "plt.title('B_hat', fontsize=16)\n",
        "\n",
        "# Plot sparsity pattern for Sample covariance matrix.\n",
        "plt.subplot(2, 2, 3)\n",
        "plt.spy(E)\n",
        "plt.title('True covariance', fontsize=16)\n",
        "\n",
        "# Plot sparsity pattern for Sample covariance matrix.\n",
        "plt.subplot(2, 2, 4)\n",
        "plt.spy(S)\n",
        "plt.title('Sample covariance', fontsize=16)\n",
        "\n",
        "eigenvalues = np.linalg.eigvals(B)\n",
        "min_eigenvalue = np.min(eigenvalues)\n",
        "print(\"Minimum eigenvalue:\", min_eigenvalue)"
      ],
      "metadata": {
        "colab": {
          "base_uri": "https://localhost:8080/",
          "height": 1000
        },
        "id": "p_Nu50YOsbVL",
        "outputId": "71194efd-7ae5-425c-e9eb-62b50a3f430c"
      },
      "execution_count": null,
      "outputs": [
        {
          "output_type": "stream",
          "name": "stdout",
          "text": [
            "Minimum eigenvalue: 0.17447327709166233\n"
          ]
        },
        {
          "output_type": "display_data",
          "data": {
            "text/plain": [
              "<Figure size 640x480 with 0 Axes>"
            ]
          },
          "metadata": {}
        },
        {
          "output_type": "display_data",
          "data": {
            "text/plain": [
              "<Figure size 1200x1200 with 4 Axes>"
            ],
