{
    "lambda_values": [
        0.1,
        0.11034482758620691,
        0.1206896551724138,
        0.1310344827586207,
        0.1413793103448276,
        0.1517241379310345,
        0.1620689655172414,
        0.1724137931034483,
        0.1827586206896552,
        0.1931034482758621,
        0.20344827586206898,
        0.2137931034482759,
        0.2241379310344828,
        0.23448275862068968,
        0.24482758620689657,
        0.2551724137931035,
        0.2655172413793104,
        0.27586206896551724,
        0.28620689655172415,
        0.29655172413793107,
        0.306896551724138,
        0.3172413793103449,
        0.32758620689655177,
        0.33793103448275863,
        0.34827586206896555,
        0.35862068965517246,
        0.3689655172413794,
        0.3793103448275863,
        0.3896551724137931,
        0.4
    ],
    "B": [
        [
            1.9069412508993473,
            0.6678402718015511,
            0.5478059743191052,
            0.5656182503454298,
            0.0,
            0.0,
            0.0,
            0.0,
            0.0,
            0.0,
            0.0,
            0.0,
            0.0,
            0.0,
            0.0,
            0.0,
            0.0,
            0.0,
            0.0,
            0.0,
            0.0,
            0.0,
            0.0,
            0.0,
            0.0,
            0.0,
            0.0,
            0.0,
            0.0,
            0.0
        ],
        [
            0.6678402718015511,
            1.9069412508993473,
            0.8317657732125884,
            0.7354095665054428,
            0.5173592147989201,
            0.0,
            0.0,
            0.0,
            0.0,
            0.0,
            0.0,
            0.0,
            0.0,
            0.0,
            0.0,
            0.0,
            0.0,
            0.0,
            0.0,
            0.0,
            0.0,
            0.0,
            0.0,
            0.0,
            0.0,
            0.0,
            0.0,
            0.0,
            0.0,
            0.0
        ],
        [
            0.5478059743191052,
            0.8317657732125884,
            1.9069412508993473,
            0.6156534890573679,
            0.89248886297714,
            0.33727831378746387,
            0.0,
            0.0,
            0.0,
            0.0,
            0.0,
            0.0,
            0.0,
            0.0,
            0.0,
            0.0,
            0.0,
            0.0,
            0.0,
            0.0,
            0.0,
            0.0,
            0.0,
            0.0,
            0.0,
            0.0,
            0.0,
            0.0,
            0.0,
            0.0
        ],
        [
            0.5656182503454298,
            0.7354095665054428,
            0.6156534890573679,
            1.9069412508993473,
            0.4094038129060985,
            0.30094683617667106,
            0.7118764607795306,
            0.0,
            0.0,
            0.0,
            0.0,
            0.0,
            0.0,
            0.0,
            0.0,
            0.0,
            0.0,
            0.0,
            0.0,
            0.0,
            0.0,
            0.0,
            0.0,
            0.0,
            0.0,
            0.0,
            0.0,
            0.0,
            0.0,
            0.0
        ],
        [
            0.0,
            0.5173592147989201,
            0.89248886297714,
            0.4094038129060985,
            1.9069412508993473,
            0.4731457727891968,
            0.7829159770218435,
            0.2647842048654144,
            0.0,
            0.0,
            0.0,
            0.0,
            0.0,
            0.0,
            0.0,
            0.0,
            0.0,
            0.0,
            0.0,
            0.0,
            0.0,
            0.0,
            0.0,
            0.0,
            0.0,
            0.0,
            0.0,
            0.0,
            0.0,
            0.0
        ],
        [
            0.0,
            0.0,
            0.33727831378746387,
            0.30094683617667106,
            0.4731457727891968,
            1.9069412508993473,
            0.6735970290723727,
            0.11178117237313456,
            0.4073774765809418,
            0.0,
            0.0,
            0.0,
            0.0,
            0.0,
            0.0,
            0.0,
            0.0,
            0.0,
            0.0,
            0.0,
            0.0,
            0.0,
            0.0,
            0.0,
            0.0,
            0.0,
            0.0,
            0.0,
            0.0,
            0.0
        ],
        [
            0.0,
            0.0,
            0.0,
            0.7118764607795306,
            0.7829159770218435,
            0.6735970290723727,
            1.9069412508993473,
            0.6649369544494259,
            0.21840829101856132,
            0.4360012006646973,
            0.0,
            0.0,
            0.0,
            0.0,
            0.0,
            0.0,
            0.0,
            0.0,
            0.0,
            0.0,
            0.0,
            0.0,
            0.0,
            0.0,
            0.0,
            0.0,
            0.0,
            0.0,
            0.0,
            0.0
        ],
        [
            0.0,
            0.0,
            0.0,
            0.0,
            0.2647842048654144,
            0.11178117237313456,
            0.6649369544494259,
            1.9069412508993473,
            0.8490797195005718,
            0.3669834806937553,
            0.13885694263480763,
            0.0,
            0.0,
            0.0,
            0.0,
            0.0,
            0.0,
            0.0,
            0.0,
            0.0,
            0.0,
            0.0,
            0.0,
            0.0,
            0.0,
            0.0,
            0.0,
            0.0,
            0.0,
            0.0
        ],
        [
            0.0,
            0.0,
            0.0,
            0.0,
            0.0,
            0.4073774765809418,
            0.21840829101856132,
            0.8490797195005718,
            1.9069412508993473,
            0.45233809244108636,
            0.38932688948703387,
            0.3433384470871965,
            0.0,
            0.0,
            0.0,
            0.0,
            0.0,
            0.0,
            0.0,
            0.0,
            0.0,
            0.0,
            0.0,
            0.0,
            0.0,
            0.0,
            0.0,
            0.0,
            0.0,
            0.0
        ],
        [
            0.0,
            0.0,
            0.0,
            0.0,
            0.0,
            0.0,
            0.4360012006646973,
            0.3669834806937553,
            0.45233809244108636,
            1.9069412508993473,
            0.8855780996645691,
            0.16143757655737867,
            0.4315109235750526,
            0.0,
            0.0,
            0.0,
            0.0,
            0.0,
            0.0,
            0.0,
            0.0,
            0.0,
            0.0,
            0.0,
            0.0,
            0.0,
            0.0,
            0.0,
            0.0,
            0.0
        ],
        [
            0.0,
            0.0,
            0.0,
            0.0,
            0.0,
            0.0,
            0.0,
            0.13885694263480763,
            0.38932688948703387,
            0.8855780996645691,
            1.9069412508993473,
            0.2923109770758904,
            0.6787312656119526,
            0.21353603791864206,
            0.0,
            0.0,
            0.0,
            0.0,
            0.0,
            0.0,
            0.0,
            0.0,
            0.0,
            0.0,
            0.0,
            0.0,
            0.0,
            0.0,
            0.0,
            0.0
        ],
        [
            0.0,
            0.0,
            0.0,
            0.0,
            0.0,
            0.0,
            0.0,
            0.0,
            0.3433384470871965,
            0.16143757655737867,
            0.2923109770758904,
            1.9069412508993473,
            0.3763549736044143,
            0.4160726956808155,
            0.8669036130348653,
            0.0,
            0.0,
            0.0,
            0.0,
            0.0,
            0.0,
            0.0,
            0.0,
            0.0,
            0.0,
            0.0,
            0.0,
            0.0,
            0.0,
            0.0
        ],
        [
            0.0,
            0.0,
            0.0,
            0.0,
            0.0,
            0.0,
            0.0,
            0.0,
            0.0,
            0.4315109235750526,
            0.6787312656119526,
            0.3763549736044143,
            1.9069412508993473,
            0.47928397312223614,
            0.6357247491726293,
            0.8148946158415212,
            0.0,
            0.0,
            0.0,
            0.0,
            0.0,
            0.0,
            0.0,
            0.0,
            0.0,
            0.0,
            0.0,
            0.0,
            0.0,
            0.0
        ],
        [
            0.0,
            0.0,
            0.0,
            0.0,
            0.0,
            0.0,
            0.0,
            0.0,
            0.0,
            0.0,
            0.21353603791864206,
            0.4160726956808155,
            0.47928397312223614,
            1.9069412508993473,
            0.2421585820073939,
            0.6145405943619688,
            0.4892372106160793,
            0.0,
            0.0,
            0.0,
            0.0,
            0.0,
            0.0,
            0.0,
            0.0,
            0.0,
            0.0,
            0.0,
            0.0,
            0.0
        ],
        [
            0.0,
            0.0,
            0.0,
            0.0,
            0.0,
            0.0,
            0.0,
            0.0,
            0.0,
            0.0,
            0.0,
            0.8669036130348653,
            0.6357247491726293,
            0.2421585820073939,
            1.9069412508993473,
            0.4867615563727087,
            0.6702430191971435,
            0.4833136340168246,
            0.0,
            0.0,
            0.0,
            0.0,
            0.0,
            0.0,
            0.0,
            0.0,
            0.0,
            0.0,
            0.0,
            0.0
        ],
        [
            0.0,
            0.0,
            0.0,
            0.0,
            0.0,
            0.0,
            0.0,
            0.0,
            0.0,
            0.0,
            0.0,
            0.0,
            0.8148946158415212,
            0.6145405943619688,
            0.4867615563727087,
            1.9069412508993473,
            0.7699657018863099,
            0.1273161596813246,
            0.18356249798508328,
            0.0,
            0.0,
            0.0,
            0.0,
            0.0,
            0.0,
            0.0,
            0.0,
            0.0,
            0.0,
            0.0
        ],
        [
            0.0,
            0.0,
            0.0,
            0.0,
            0.0,
            0.0,
            0.0,
            0.0,
            0.0,
            0.0,
            0.0,
            0.0,
            0.0,
            0.4892372106160793,
            0.6702430191971435,
            0.7699657018863099,
            1.9069412508993473,
            0.44976157612157464,
            0.13679814935915813,
            0.6534515216220728,
            0.0,
            0.0,
            0.0,
            0.0,
            0.0,
            0.0,
            0.0,
            0.0,
            0.0,
            0.0
        ],
        [
            0.0,
            0.0,
            0.0,
            0.0,
            0.0,
            0.0,
            0.0,
            0.0,
            0.0,
            0.0,
            0.0,
            0.0,
            0.0,
            0.0,
            0.4833136340168246,
            0.1273161596813246,
            0.44976157612157464,
            1.9069412508993473,
            0.5337560486271643,
            0.5760649953544312,
            0.15752706012827283,
            0.0,
            0.0,
            0.0,
            0.0,
            0.0,
            0.0,
            0.0,
            0.0,
            0.0
        ],
        [
            0.0,
            0.0,
            0.0,
            0.0,
            0.0,
            0.0,
            0.0,
            0.0,
            0.0,
            0.0,
            0.0,
            0.0,
            0.0,
            0.0,
            0.0,
            0.18356249798508328,
            0.13679814935915813,
            0.5337560486271643,
            1.9069412508993473,
            0.8031104790649397,
            0.8881256037826134,
            0.8654255481911622,
            0.0,
            0.0,
            0.0,
            0.0,
            0.0,
            0.0,
            0.0,
            0.0
        ],
        [
            0.0,
            0.0,
            0.0,
            0.0,
            0.0,
            0.0,
            0.0,
            0.0,
            0.0,
            0.0,
            0.0,
            0.0,
            0.0,
            0.0,
            0.0,
            0.0,
            0.6534515216220728,
            0.5760649953544312,
            0.8031104790649397,
            1.9069412508993473,
            0.8188037610320148,
            0.8433308746027682,
            0.8808725187086782,
            0.0,
            0.0,
            0.0,
            0.0,
            0.0,
            0.0,
            0.0
        ],
        [
            0.0,
            0.0,
            0.0,
            0.0,
            0.0,
            0.0,
            0.0,
            0.0,
            0.0,
            0.0,
            0.0,
            0.0,
            0.0,
            0.0,
            0.0,
            0.0,
            0.0,
            0.15752706012827283,
            0.8881256037826134,
            0.8188037610320148,
            1.9069412508993473,
            0.3990745218489705,
            0.8877936628582663,
            0.5120463361257463,
            0.0,
            0.0,
            0.0,
            0.0,
            0.0,
            0.0
        ],
        [
            0.0,
            0.0,
            0.0,
            0.0,
            0.0,
            0.0,
            0.0,
            0.0,
            0.0,
            0.0,
            0.0,
            0.0,
            0.0,
            0.0,
            0.0,
            0.0,
            0.0,
            0.0,
            0.8654255481911622,
            0.8433308746027682,
            0.3990745218489705,
            1.9069412508993473,
            0.27927714378785523,
            0.41924835235155666,
            0.6519401507773134,
            0.0,
            0.0,
            0.0,
            0.0,
            0.0
        ],
        [
            0.0,
            0.0,
            0.0,
            0.0,
            0.0,
            0.0,
            0.0,
            0.0,
            0.0,
            0.0,
            0.0,
            0.0,
            0.0,
            0.0,
            0.0,
            0.0,
            0.0,
            0.0,
            0.0,
            0.8808725187086782,
            0.8877936628582663,
            0.27927714378785523,
            1.9069412508993473,
            0.7613377924560646,
            0.829342841279452,
            0.8346029475837285,
            0.0,
            0.0,
            0.0,
            0.0
        ],
        [
            0.0,
            0.0,
            0.0,
            0.0,
            0.0,
            0.0,
            0.0,
            0.0,
            0.0,
            0.0,
            0.0,
            0.0,
            0.0,
            0.0,
            0.0,
            0.0,
            0.0,
            0.0,
            0.0,
            0.0,
            0.5120463361257463,
            0.41924835235155666,
            0.7613377924560646,
            1.9069412508993473,
            0.6293679138555581,
            0.8583234673234611,
            0.19254409074335374,
            0.0,
            0.0,
            0.0
        ],
        [
            0.0,
            0.0,
            0.0,
            0.0,
            0.0,
            0.0,
            0.0,
            0.0,
            0.0,
            0.0,
            0.0,
            0.0,
            0.0,
            0.0,
            0.0,
            0.0,
            0.0,
            0.0,
            0.0,
            0.0,
            0.0,
            0.6519401507773134,
            0.829342841279452,
            0.6293679138555581,
            1.9069412508993473,
            0.756336837483573,
            0.5002263879057307,
            0.33305615549200507,
            0.0,
            0.0
        ],
        [
            0.0,
            0.0,
            0.0,
            0.0,
            0.0,
            0.0,
            0.0,
            0.0,
            0.0,
            0.0,
            0.0,
            0.0,
            0.0,
            0.0,
            0.0,
            0.0,
            0.0,
            0.0,
            0.0,
            0.0,
            0.0,
            0.0,
            0.8346029475837285,
            0.8583234673234611,
            0.756336837483573,
            1.9069412508993473,
            0.7391285028505747,
            0.24787493846090225,
            0.49111741121819896,
            0.0
        ],
        [
            0.0,
            0.0,
            0.0,
            0.0,
            0.0,
            0.0,
            0.0,
            0.0,
            0.0,
            0.0,
            0.0,
            0.0,
            0.0,
            0.0,
            0.0,
            0.0,
            0.0,
            0.0,
            0.0,
            0.0,
            0.0,
            0.0,
            0.0,
            0.19254409074335374,
            0.5002263879057307,
            0.7391285028505747,
            1.9069412508993473,
            0.346150468160744,
            0.5081977999778723,
            0.698955602228273
        ],
        [
            0.0,
            0.0,
            0.0,
            0.0,
            0.0,
            0.0,
            0.0,
            0.0,
            0.0,
            0.0,
            0.0,
            0.0,
            0.0,
            0.0,
            0.0,
            0.0,
            0.0,
            0.0,
            0.0,
            0.0,
            0.0,
            0.0,
            0.0,
            0.0,
            0.33305615549200507,
            0.24787493846090225,
            0.346150468160744,
            1.9069412508993473,
            0.6993641242658302,
            0.482794937942298
        ],
        [
            0.0,
            0.0,
            0.0,
            0.0,
            0.0,
            0.0,
            0.0,
            0.0,
            0.0,
            0.0,
            0.0,
            0.0,
            0.0,
            0.0,
            0.0,
            0.0,
            0.0,
            0.0,
            0.0,
            0.0,
            0.0,
            0.0,
            0.0,
            0.0,
            0.0,
            0.49111741121819896,
            0.5081977999778723,
            0.6993641242658302,
            1.9069412508993473,
            0.7322835518936783
        ],
        [
            0.0,
            0.0,
            0.0,
            0.0,
            0.0,
            0.0,
            0.0,
            0.0,
            0.0,
            0.0,
            0.0,
            0.0,
            0.0,
            0.0,
            0.0,
            0.0,
            0.0,
            0.0,
            0.0,
            0.0,
            0.0,
            0.0,
            0.0,
            0.0,
            0.0,
            0.0,
            0.698955602228273,
            0.482794937942298,
            0.7322835518936783,
            1.9069412508993473
        ]
    ],
    "sample_scaling": 5.0,
    "rho": 2.0,
    "max_iter": 200,
    "tol": 0.0001,
    "threshold": 0.01,
    "log_dir": "experiment_logs/7/n_30_scale_5.0"
}