{
    "lambda_values": [
        0.0,
        0.013793103448275864,
        0.027586206896551727,
        0.04137931034482759,
        0.055172413793103454,
        0.06896551724137932,
        0.08275862068965519,
        0.09655172413793105,
        0.11034482758620691,
        0.12413793103448277,
        0.13793103448275865,
        0.1517241379310345,
        0.16551724137931037,
        0.17931034482758623,
        0.1931034482758621,
        0.20689655172413796,
        0.22068965517241382,
        0.23448275862068968,
        0.24827586206896554,
        0.2620689655172414,
        0.2758620689655173,
        0.2896551724137931,
        0.303448275862069,
        0.31724137931034485,
        0.33103448275862074,
        0.3448275862068966,
        0.35862068965517246,
        0.3724137931034483,
        0.3862068965517242,
        0.4
    ],
    "B": [
        [
            4.776829778895135,
            1.704800197602804,
            1.2362429680489955,
            1.350234941575702,
            0.0,
            0.0,
            0.0,
            0.0,
            0.0,
            0.0,
            0.0,
            0.0,
            0.0,
            0.0,
            0.0,
            0.0,
            0.0,
            0.0,
            0.0,
            0.0,
            0.0,
            0.0,
            0.0,
            0.0,
            0.0,
            0.0,
            0.0,
            0.0,
            0.0,
            0.0
        ],
        [
            1.704800197602804,
            4.776829778895135,
            1.0596889467361803,
            1.2693276774090465,
            1.4577553334464373,
            0.0,
            0.0,
            0.0,
            0.0,
            0.0,
            0.0,
            0.0,
            0.0,
            0.0,
            0.0,
            0.0,
            0.0,
            0.0,
            0.0,
            0.0,
            0.0,
            0.0,
            0.0,
            0.0,
            0.0,
            0.0,
            0.0,
            0.0,
            0.0,
            0.0
        ],
        [
            1.2362429680489955,
            1.0596889467361803,
            4.776829778895135,
            1.3261312430176384,
            1.158489895683902,
            1.5457682024761983,
            0.0,
            0.0,
            0.0,
            0.0,
            0.0,
            0.0,
            0.0,
            0.0,
            0.0,
            0.0,
            0.0,
            0.0,
            0.0,
            0.0,
            0.0,
            0.0,
            0.0,
            0.0,
            0.0,
            0.0,
            0.0,
            0.0,
            0.0,
            0.0
        ],
        [
            1.350234941575702,
            1.2693276774090465,
            1.3261312430176384,
            4.776829778895135,
            1.8022341322915425,
            1.9169829632297097,
            1.7985906144611117,
            0.0,
            0.0,
            0.0,
            0.0,
            0.0,
            0.0,
            0.0,
            0.0,
            0.0,
            0.0,
            0.0,
            0.0,
            0.0,
            0.0,
            0.0,
            0.0,
            0.0,
            0.0,
            0.0,
            0.0,
            0.0,
            0.0,
            0.0
        ],
        [
            0.0,
            1.4577553334464373,
            1.158489895683902,
            1.8022341322915425,
            4.776829778895135,
            1.614422505330964,
            1.9555688810353753,
            1.2439967752303653,
            0.0,
            0.0,
            0.0,
            0.0,
            0.0,
            0.0,
            0.0,
            0.0,
            0.0,
            0.0,
            0.0,
            0.0,
            0.0,
            0.0,
            0.0,
            0.0,
            0.0,
            0.0,
            0.0,
            0.0,
            0.0,
            0.0
        ],
        [
            0.0,
            0.0,
            1.5457682024761983,
            1.9169829632297097,
            1.614422505330964,
            4.776829778895135,
            1.0068005216631697,
            1.2250344565786095,
            0.983873043456779,
            0.0,
            0.0,
            0.0,
            0.0,
            0.0,
            0.0,
            0.0,
            0.0,
            0.0,
            0.0,
            0.0,
            0.0,
            0.0,
            0.0,
            0.0,
            0.0,
            0.0,
            0.0,
            0.0,
            0.0,
            0.0
        ],
        [
            0.0,
            0.0,
            0.0,
            1.7985906144611117,
            1.9555688810353753,
            1.0068005216631697,
            4.776829778895135,
            1.8833012699555702,
            1.987550598941238,
            0.9876046274710317,
            0.0,
            0.0,
            0.0,
            0.0,
            0.0,
            0.0,
            0.0,
            0.0,
            0.0,
            0.0,
            0.0,
            0.0,
            0.0,
            0.0,
            0.0,
            0.0,
            0.0,
            0.0,
            0.0,
            0.0
        ],
        [
            0.0,
            0.0,
            0.0,
            0.0,
            1.2439967752303653,
            1.2250344565786095,
            1.8833012699555702,
            4.776829778895135,
            1.3756434160803819,
            1.4036671934920533,
            1.5103934244792347,
            0.0,
            0.0,
            0.0,
            0.0,
            0.0,
            0.0,
            0.0,
            0.0,
            0.0,
            0.0,
            0.0,
            0.0,
            0.0,
            0.0,
            0.0,
            0.0,
            0.0,
            0.0,
            0.0
        ],
        [
            0.0,
            0.0,
            0.0,
            0.0,
            0.0,
            0.983873043456779,
            1.987550598941238,
            1.3756434160803819,
            4.776829778895135,
            0.9212534816508088,
            1.9576676452188164,
            1.3755444115383484,
            0.0,
            0.0,
            0.0,
            0.0,
            0.0,
            0.0,
            0.0,
            0.0,
            0.0,
            0.0,
            0.0,
            0.0,
            0.0,
            0.0,
            0.0,
            0.0,
            0.0,
            0.0
        ],
        [
            0.0,
            0.0,
            0.0,
            0.0,
            0.0,
            0.0,
            0.9876046274710317,
            1.4036671934920533,
            0.9212534816508088,
            4.776829778895135,
            1.9555090381101699,
            1.1914234113444198,
            1.0269406807412265,
            0.0,
            0.0,
            0.0,
            0.0,
            0.0,
            0.0,
            0.0,
            0.0,
            0.0,
            0.0,
            0.0,
            0.0,
            0.0,
            0.0,
            0.0,
            0.0,
            0.0
        ],
        [
            0.0,
            0.0,
            0.0,
            0.0,
            0.0,
            0.0,
            0.0,
            1.5103934244792347,
            1.9576676452188164,
            1.9555090381101699,
            4.776829778895135,
            1.9942351714230715,
            0.9700525891372349,
            0.9005098545880904,
            0.0,
            0.0,
            0.0,
            0.0,
            0.0,
            0.0,
            0.0,
            0.0,
            0.0,
            0.0,
            0.0,
            0.0,
            0.0,
            0.0,
            0.0,
            0.0
        ],
        [
            0.0,
            0.0,
            0.0,
            0.0,
            0.0,
            0.0,
            0.0,
            0.0,
            1.3755444115383484,
            1.1914234113444198,
            1.9942351714230715,
            4.776829778895135,
            0.940271819377398,
            1.3047992296357735,
            1.2283696565951177,
            0.0,
            0.0,
            0.0,
            0.0,
            0.0,
            0.0,
            0.0,
            0.0,
            0.0,
            0.0,
            0.0,
            0.0,
            0.0,
            0.0,
            0.0
        ],
        [
            0.0,
            0.0,
            0.0,
            0.0,
            0.0,
            0.0,
            0.0,
            0.0,
            0.0,
            1.0269406807412265,
            0.9700525891372349,
            0.940271819377398,
            4.776829778895135,
            1.5760202286818883,
            1.7195414049223046,
            1.349172249792475,
            0.0,
            0.0,
            0.0,
            0.0,
            0.0,
            0.0,
            0.0,
            0.0,
            0.0,
            0.0,
            0.0,
            0.0,
            0.0,
            0.0
        ],
        [
            0.0,
            0.0,
            0.0,
            0.0,
            0.0,
            0.0,
            0.0,
            0.0,
            0.0,
            0.0,
            0.9005098545880904,
            1.3047992296357735,
            1.5760202286818883,
            4.776829778895135,
            1.4291839592570854,
            1.527266225987688,
            1.9490062783386417,
            0.0,
            0.0,
            0.0,
            0.0,
            0.0,
            0.0,
            0.0,
            0.0,
            0.0,
            0.0,
            0.0,
            0.0,
            0.0
        ],
        [
            0.0,
            0.0,
            0.0,
            0.0,
            0.0,
            0.0,
            0.0,
            0.0,
            0.0,
            0.0,
            0.0,
            1.2283696565951177,
            1.7195414049223046,
            1.4291839592570854,
            4.776829778895135,
            1.7821041940669633,
            1.8458150012531114,
            1.0788832057709756,
            0.0,
            0.0,
            0.0,
            0.0,
            0.0,
            0.0,
            0.0,
            0.0,
            0.0,
            0.0,
            0.0,
            0.0
        ],
        [
            0.0,
            0.0,
            0.0,
            0.0,
            0.0,
            0.0,
            0.0,
            0.0,
            0.0,
            0.0,
            0.0,
            0.0,
            1.349172249792475,
            1.527266225987688,
            1.7821041940669633,
            4.776829778895135,
            0.9763431249808794,
            1.8671822393177708,
            1.3416298868749281,
            0.0,
            0.0,
            0.0,
            0.0,
            0.0,
            0.0,
            0.0,
            0.0,
            0.0,
            0.0,
            0.0
        ],
        [
            0.0,
            0.0,
            0.0,
            0.0,
            0.0,
            0.0,
            0.0,
            0.0,
            0.0,
            0.0,
            0.0,
            0.0,
            0.0,
            1.9490062783386417,
            1.8458150012531114,
            0.9763431249808794,
            4.776829778895135,
            1.825006064252579,
            1.6810631091550357,
            1.5473819173159602,
            0.0,
            0.0,
            0.0,
            0.0,
            0.0,
            0.0,
            0.0,
            0.0,
            0.0,
            0.0
        ],
        [
            0.0,
            0.0,
            0.0,
            0.0,
            0.0,
            0.0,
            0.0,
            0.0,
            0.0,
            0.0,
            0.0,
            0.0,
            0.0,
            0.0,
            1.0788832057709756,
            1.8671822393177708,
            1.825006064252579,
            4.776829778895135,
            1.1734285861341105,
            1.8371838492736825,
            1.8776659584866853,
            0.0,
            0.0,
            0.0,
            0.0,
            0.0,
            0.0,
            0.0,
            0.0,
            0.0
        ],
        [
            0.0,
            0.0,
            0.0,
            0.0,
            0.0,
            0.0,
            0.0,
            0.0,
            0.0,
            0.0,
            0.0,
            0.0,
            0.0,
            0.0,
            0.0,
            1.3416298868749281,
            1.6810631091550357,
            1.1734285861341105,
            4.776829778895135,
            1.2361283219588257,
            1.5183852183694901,
            1.0313473649440903,
            0.0,
            0.0,
            0.0,
            0.0,
            0.0,
            0.0,
            0.0,
            0.0
        ],
        [
            0.0,
            0.0,
            0.0,
            0.0,
            0.0,
            0.0,
            0.0,
            0.0,
            0.0,
            0.0,
            0.0,
            0.0,
            0.0,
            0.0,
            0.0,
            0.0,
            1.5473819173159602,
            1.8371838492736825,
            1.2361283219588257,
            4.776829778895135,
            1.4473710420926578,
            1.975990342777954,
            1.8527519953304068,
            0.0,
            0.0,
            0.0,
            0.0,
            0.0,
            0.0,
            0.0
        ],
        [
            0.0,
            0.0,
            0.0,
            0.0,
            0.0,
            0.0,
            0.0,
            0.0,
            0.0,
            0.0,
            0.0,
            0.0,
            0.0,
            0.0,
            0.0,
            0.0,
            0.0,
            1.8776659584866853,
            1.5183852183694901,
            1.4473710420926578,
            4.776829778895135,
            1.782073511889732,
            1.9101520086131227,
            1.1129402006046294,
            0.0,
            0.0,
            0.0,
            0.0,
            0.0,
            0.0
        ],
        [
            0.0,
            0.0,
            0.0,
            0.0,
            0.0,
            0.0,
            0.0,
            0.0,
            0.0,
            0.0,
            0.0,
            0.0,
            0.0,
            0.0,
            0.0,
            0.0,
            0.0,
            0.0,
            1.0313473649440903,
            1.975990342777954,
            1.782073511889732,
            4.776829778895135,
            0.9869222328439244,
            1.6548690714760603,
            1.4958923961477546,
            0.0,
            0.0,
            0.0,
            0.0,
            0.0
        ],
        [
            0.0,
            0.0,
            0.0,
            0.0,
            0.0,
            0.0,
            0.0,
            0.0,
            0.0,
            0.0,
            0.0,
            0.0,
            0.0,
            0.0,
            0.0,
            0.0,
            0.0,
            0.0,
            0.0,
            1.8527519953304068,
            1.9101520086131227,
            0.9869222328439244,
            4.776829778895135,
            1.152394157117602,
            1.8414321931025697,
            1.9973328748865469,
            0.0,
            0.0,
            0.0,
            0.0
        ],
        [
            0.0,
            0.0,
            0.0,
            0.0,
            0.0,
            0.0,
            0.0,
            0.0,
            0.0,
            0.0,
            0.0,
            0.0,
            0.0,
            0.0,
            0.0,
            0.0,
            0.0,
            0.0,
            0.0,
            0.0,
            1.1129402006046294,
            1.6548690714760603,
            1.152394157117602,
            4.776829778895135,
            1.7179953608941525,
            1.6615150995219876,
            1.5406914216569125,
            0.0,
            0.0,
            0.0
        ],
        [
            0.0,
            0.0,
            0.0,
            0.0,
            0.0,
            0.0,
            0.0,
            0.0,
            0.0,
            0.0,
            0.0,
            0.0,
            0.0,
            0.0,
            0.0,
            0.0,
            0.0,
            0.0,
            0.0,
            0.0,
            0.0,
            1.4958923961477546,
            1.8414321931025697,
            1.7179953608941525,
            4.776829778895135,
            1.1950293644882364,
            1.6145303392160197,
            1.8385715013119486,
            0.0,
            0.0
        ],
        [
            0.0,
            0.0,
            0.0,
            0.0,
            0.0,
            0.0,
            0.0,
            0.0,
            0.0,
            0.0,
            0.0,
            0.0,
            0.0,
            0.0,
            0.0,
            0.0,
            0.0,
            0.0,
            0.0,
            0.0,
            0.0,
            0.0,
            1.9973328748865469,
            1.6615150995219876,
            1.1950293644882364,
            4.776829778895135,
            1.330188150289787,
            1.767945862155603,
            1.3472785331233803,
            0.0
        ],
        [
            0.0,
            0.0,
            0.0,
            0.0,
            0.0,
            0.0,
            0.0,
            0.0,
            0.0,
            0.0,
            0.0,
            0.0,
            0.0,
            0.0,
            0.0,
            0.0,
            0.0,
            0.0,
            0.0,
            0.0,
            0.0,
            0.0,
            0.0,
            1.5406914216569125,
            1.6145303392160197,
            1.330188150289787,
            4.776829778895135,
            1.9019858244026557,
            1.9954193735585521,
            1.6010224092646848
        ],
        [
            0.0,
            0.0,
            0.0,
            0.0,
            0.0,
            0.0,
            0.0,
            0.0,
            0.0,
            0.0,
            0.0,
            0.0,
            0.0,
            0.0,
            0.0,
            0.0,
            0.0,
            0.0,
            0.0,
            0.0,
            0.0,
            0.0,
            0.0,
            0.0,
            1.8385715013119486,
            1.767945862155603,
            1.9019858244026557,
            4.776829778895135,
            1.182762647784284,
            1.1809904714454385
        ],
        [
            0.0,
            0.0,
            0.0,
            0.0,
            0.0,
            0.0,
            0.0,
            0.0,
            0.0,
            0.0,
            0.0,
            0.0,
            0.0,
            0.0,
            0.0,
            0.0,
            0.0,
            0.0,
            0.0,
            0.0,
            0.0,
            0.0,
            0.0,
            0.0,
            0.0,
            1.3472785331233803,
            1.9954193735585521,
            1.182762647784284,
            4.776829778895135,
            1.4821135402160688
        ],
        [
            0.0,
            0.0,
            0.0,
            0.0,
            0.0,
            0.0,
            0.0,
            0.0,
            0.0,
            0.0,
            0.0,
            0.0,
            0.0,
            0.0,
            0.0,
            0.0,
            0.0,
            0.0,
            0.0,
            0.0,
            0.0,
            0.0,
            0.0,
            0.0,
            0.0,
            0.0,
            1.6010224092646848,
            1.1809904714454385,
            1.4821135402160688,
            4.776829778895135
        ]
    ],
    "sample_scaling": 10.0,
    "rho": 1.0,
    "max_iter": 200,
    "tol": 0.0001,
    "threshold": 0.1,
    "log_dir": "experiment_logs/7/n_30_scale_10.0"
}