{
    "lambda_values": [
        0.0,
        0.013793103448275864,
        0.027586206896551727,
        0.04137931034482759,
        0.055172413793103454,
        0.06896551724137932,
        0.08275862068965519,
        0.09655172413793105,
        0.11034482758620691,
        0.12413793103448277,
        0.13793103448275865,
        0.1517241379310345,
        0.16551724137931037,
        0.17931034482758623,
        0.1931034482758621,
        0.20689655172413796,
        0.22068965517241382,
        0.23448275862068968,
        0.24827586206896554,
        0.2620689655172414,
        0.2758620689655173,
        0.2896551724137931,
        0.303448275862069,
        0.31724137931034485,
        0.33103448275862074,
        0.3448275862068966,
        0.35862068965517246,
        0.3724137931034483,
        0.3862068965517242,
        0.4
    ],
    "B": [
        [
            1.888861278714433,
            0.1425971774325662,
            0.14054181117983947,
            0.571972080312145,
            0.0,
            0.0,
            0.0,
            0.0,
            0.0,
            0.0,
            0.0,
            0.0,
            0.0,
            0.0,
            0.0,
            0.0,
            0.0,
            0.0,
            0.0,
            0.0,
            0.0,
            0.0,
            0.0,
            0.0,
            0.0,
            0.0,
            0.0,
            0.0,
            0.0,
            0.0
        ],
        [
            0.1425971774325662,
            1.888861278714433,
            0.3452415160160195,
            0.7400287532681463,
            0.20794113465079045,
            0.0,
            0.0,
            0.0,
            0.0,
            0.0,
            0.0,
            0.0,
            0.0,
            0.0,
            0.0,
            0.0,
            0.0,
            0.0,
            0.0,
            0.0,
            0.0,
            0.0,
            0.0,
            0.0,
            0.0,
            0.0,
            0.0,
            0.0,
            0.0,
            0.0
        ],
        [
            0.14054181117983947,
            0.3452415160160195,
            1.888861278714433,
            0.14450725010962753,
            0.8404098507226915,
            0.28051974082680586,
            0.0,
            0.0,
            0.0,
            0.0,
            0.0,
            0.0,
            0.0,
            0.0,
            0.0,
            0.0,
            0.0,
            0.0,
            0.0,
            0.0,
            0.0,
            0.0,
            0.0,
            0.0,
            0.0,
            0.0,
            0.0,
            0.0,
            0.0,
            0.0
        ],
        [
            0.571972080312145,
            0.7400287532681463,
            0.14450725010962753,
            1.888861278714433,
            0.45228488122117694,
            0.34177257642047976,
            0.7918160010331453,
            0.0,
            0.0,
            0.0,
            0.0,
            0.0,
            0.0,
            0.0,
            0.0,
            0.0,
            0.0,
            0.0,
            0.0,
            0.0,
            0.0,
            0.0,
            0.0,
            0.0,
            0.0,
            0.0,
            0.0,
            0.0,
            0.0,
            0.0
        ],
        [
            0.0,
            0.20794113465079045,
            0.8404098507226915,
            0.45228488122117694,
            1.888861278714433,
            0.28455579864855873,
            0.2937900544549683,
            0.8005040693617964,
            0.0,
            0.0,
            0.0,
            0.0,
            0.0,
            0.0,
            0.0,
            0.0,
            0.0,
            0.0,
            0.0,
            0.0,
            0.0,
            0.0,
            0.0,
            0.0,
            0.0,
            0.0,
            0.0,
            0.0,
            0.0,
            0.0
        ],
        [
            0.0,
            0.0,
            0.28051974082680586,
            0.34177257642047976,
            0.28455579864855873,
            1.888861278714433,
            0.24318711454846956,
            0.47211815232726484,
            0.6164242755678142,
            0.0,
            0.0,
            0.0,
            0.0,
            0.0,
            0.0,
            0.0,
            0.0,
            0.0,
            0.0,
            0.0,
            0.0,
            0.0,
            0.0,
            0.0,
            0.0,
            0.0,
            0.0,
            0.0,
            0.0,
            0.0
        ],
        [
            0.0,
            0.0,
            0.0,
            0.7918160010331453,
            0.2937900544549683,
            0.24318711454846956,
            1.888861278714433,
            0.7294589969766577,
            0.46496393477459463,
            0.3667571570392323,
            0.0,
            0.0,
            0.0,
            0.0,
            0.0,
            0.0,
            0.0,
            0.0,
            0.0,
            0.0,
            0.0,
            0.0,
            0.0,
            0.0,
            0.0,
            0.0,
            0.0,
            0.0,
            0.0,
            0.0
        ],
        [
            0.0,
            0.0,
            0.0,
            0.0,
            0.8005040693617964,
            0.47211815232726484,
            0.7294589969766577,
            1.888861278714433,
            0.5876030852546515,
            0.25983658669718124,
            0.8943837122586724,
            0.0,
            0.0,
            0.0,
            0.0,
            0.0,
            0.0,
            0.0,
            0.0,
            0.0,
            0.0,
            0.0,
            0.0,
            0.0,
            0.0,
            0.0,
            0.0,
            0.0,
            0.0,
            0.0
        ],
        [
            0.0,
            0.0,
            0.0,
            0.0,
            0.0,
            0.6164242755678142,
            0.46496393477459463,
            0.5876030852546515,
            1.888861278714433,
            0.1049511648678963,
            0.4791334774544287,
            0.2359054391813123,
            0.0,
            0.0,
            0.0,
            0.0,
            0.0,
            0.0,
            0.0,
            0.0,
            0.0,
            0.0,
            0.0,
            0.0,
            0.0,
            0.0,
            0.0,
            0.0,
            0.0,
            0.0
        ],
        [
            0.0,
            0.0,
            0.0,
            0.0,
            0.0,
            0.0,
            0.3667571570392323,
            0.25983658669718124,
            0.1049511648678963,
            1.888861278714433,
            0.13211702353541874,
            0.41096011719874315,
            0.3124767682630333,
            0.0,
            0.0,
            0.0,
            0.0,
            0.0,
            0.0,
            0.0,
            0.0,
            0.0,
            0.0,
            0.0,
            0.0,
            0.0,
            0.0,
            0.0,
            0.0,
            0.0
        ],
        [
            0.0,
            0.0,
            0.0,
            0.0,
            0.0,
            0.0,
            0.0,
            0.8943837122586724,
            0.4791334774544287,
            0.13211702353541874,
            1.888861278714433,
            0.8415885166057983,
            0.34843817365798735,
            0.7074938515519755,
            0.0,
            0.0,
            0.0,
            0.0,
            0.0,
            0.0,
            0.0,
            0.0,
            0.0,
            0.0,
            0.0,
            0.0,
            0.0,
            0.0,
            0.0,
            0.0
        ],
        [
            0.0,
            0.0,
            0.0,
            0.0,
            0.0,
            0.0,
            0.0,
            0.0,
            0.2359054391813123,
            0.41096011719874315,
            0.8415885166057983,
            1.888861278714433,
            0.7357055564566023,
            0.4541401032292488,
            0.3747387625851052,
            0.0,
            0.0,
            0.0,
            0.0,
            0.0,
            0.0,
            0.0,
            0.0,
            0.0,
            0.0,
            0.0,
            0.0,
            0.0,
            0.0,
            0.0
        ],
        [
            0.0,
            0.0,
            0.0,
            0.0,
            0.0,
            0.0,
            0.0,
            0.0,
            0.0,
            0.3124767682630333,
            0.34843817365798735,
            0.7357055564566023,
            1.888861278714433,
            0.2778342062616903,
            0.5878345623908368,
            0.26222155005870296,
            0.0,
            0.0,
            0.0,
            0.0,
            0.0,
            0.0,
            0.0,
            0.0,
            0.0,
            0.0,
            0.0,
            0.0,
            0.0,
            0.0
        ],
        [
            0.0,
            0.0,
            0.0,
            0.0,
            0.0,
            0.0,
            0.0,
            0.0,
            0.0,
            0.0,
            0.7074938515519755,
            0.4541401032292488,
            0.2778342062616903,
            1.888861278714433,
            0.7338381719736825,
            0.3602627218602591,
            0.8391067384315037,
            0.0,
            0.0,
            0.0,
            0.0,
            0.0,
            0.0,
            0.0,
            0.0,
            0.0,
            0.0,
            0.0,
            0.0,
            0.0
        ],
        [
            0.0,
            0.0,
            0.0,
            0.0,
            0.0,
            0.0,
            0.0,
            0.0,
            0.0,
            0.0,
            0.0,
            0.3747387625851052,
            0.5878345623908368,
            0.7338381719736825,
            1.888861278714433,
            0.15773101292776373,
            0.6145248765976662,
            0.7309600867200035,
            0.0,
            0.0,
            0.0,
            0.0,
            0.0,
            0.0,
            0.0,
            0.0,
            0.0,
            0.0,
            0.0,
            0.0
        ],
        [
            0.0,
            0.0,
            0.0,
            0.0,
            0.0,
            0.0,
            0.0,
            0.0,
            0.0,
            0.0,
            0.0,
            0.0,
            0.26222155005870296,
            0.3602627218602591,
            0.15773101292776373,
            1.888861278714433,
            0.3177037114130153,
            0.34300738019012844,
            0.2195613392760808,
            0.0,
            0.0,
            0.0,
            0.0,
            0.0,
            0.0,
            0.0,
            0.0,
            0.0,
            0.0,
            0.0
        ],
        [
            0.0,
            0.0,
            0.0,
            0.0,
            0.0,
            0.0,
            0.0,
            0.0,
            0.0,
            0.0,
            0.0,
            0.0,
            0.0,
            0.8391067384315037,
            0.6145248765976662,
            0.3177037114130153,
            1.888861278714433,
            0.6521383085297396,
            0.31737786858258465,
            0.5898560956208333,
            0.0,
            0.0,
            0.0,
            0.0,
            0.0,
            0.0,
            0.0,
            0.0,
            0.0,
            0.0
        ],
        [
            0.0,
            0.0,
            0.0,
            0.0,
            0.0,
            0.0,
            0.0,
            0.0,
            0.0,
            0.0,
            0.0,
            0.0,
            0.0,
            0.0,
            0.7309600867200035,
            0.34300738019012844,
            0.6521383085297396,
            1.888861278714433,
            0.22163475668278654,
            0.8553624101404037,
            0.7480666755982724,
            0.0,
            0.0,
            0.0,
            0.0,
            0.0,
            0.0,
            0.0,
            0.0,
            0.0
        ],
        [
            0.0,
            0.0,
            0.0,
            0.0,
            0.0,
            0.0,
            0.0,
            0.0,
            0.0,
            0.0,
            0.0,
            0.0,
            0.0,
            0.0,
            0.0,
            0.2195613392760808,
            0.31737786858258465,
            0.22163475668278654,
            1.888861278714433,
            0.44412622778003774,
            0.6471938798382488,
            0.4136425492393282,
            0.0,
            0.0,
            0.0,
            0.0,
            0.0,
            0.0,
            0.0,
            0.0
        ],
        [
            0.0,
            0.0,
            0.0,
            0.0,
            0.0,
            0.0,
            0.0,
            0.0,
            0.0,
            0.0,
            0.0,
            0.0,
            0.0,
            0.0,
            0.0,
            0.0,
            0.5898560956208333,
            0.8553624101404037,
            0.44412622778003774,
            1.888861278714433,
            0.4586194535395616,
            0.29657322253672036,
            0.5468336251514988,
            0.0,
            0.0,
            0.0,
            0.0,
            0.0,
            0.0,
            0.0
        ],
        [
            0.0,
            0.0,
            0.0,
            0.0,
            0.0,
            0.0,
            0.0,
            0.0,
            0.0,
            0.0,
            0.0,
            0.0,
            0.0,
            0.0,
            0.0,
            0.0,
            0.0,
            0.7480666755982724,
            0.6471938798382488,
            0.4586194535395616,
            1.888861278714433,
            0.15546954878302977,
            0.18384961271147635,
            0.4505458793876048,
            0.0,
            0.0,
            0.0,
            0.0,
            0.0,
            0.0
        ],
        [
            0.0,
            0.0,
            0.0,
            0.0,
            0.0,
            0.0,
            0.0,
            0.0,
            0.0,
            0.0,
            0.0,
            0.0,
            0.0,
            0.0,
            0.0,
            0.0,
            0.0,
            0.0,
            0.4136425492393282,
            0.29657322253672036,
            0.15546954878302977,
            1.888861278714433,
            0.49689494185437766,
            0.14133089836752763,
            0.5193939555922822,
            0.0,
            0.0,
            0.0,
            0.0,
            0.0
        ],
        [
            0.0,
            0.0,
            0.0,
            0.0,
            0.0,
            0.0,
            0.0,
            0.0,
            0.0,
            0.0,
            0.0,
            0.0,
            0.0,
            0.0,
            0.0,
            0.0,
            0.0,
            0.0,
            0.0,
            0.5468336251514988,
            0.18384961271147635,
            0.49689494185437766,
            1.888861278714433,
            0.850666010758598,
            0.2710007037046829,
            0.7009983586482046,
            0.0,
            0.0,
            0.0,
            0.0
        ],
        [
            0.0,
            0.0,
            0.0,
            0.0,
            0.0,
            0.0,
            0.0,
            0.0,
            0.0,
            0.0,
            0.0,
            0.0,
            0.0,
            0.0,
            0.0,
            0.0,
            0.0,
            0.0,
            0.0,
            0.0,
            0.4505458793876048,
            0.14133089836752763,
            0.850666010758598,
            1.888861278714433,
            0.40955100809770795,
            0.49796881645244495,
            0.38680180815698606,
            0.0,
            0.0,
            0.0
        ],
        [
            0.0,
            0.0,
            0.0,
            0.0,
            0.0,
            0.0,
            0.0,
            0.0,
            0.0,
            0.0,
            0.0,
            0.0,
            0.0,
            0.0,
            0.0,
            0.0,
            0.0,
            0.0,
            0.0,
            0.0,
            0.0,
            0.5193939555922822,
            0.2710007037046829,
            0.40955100809770795,
            1.888861278714433,
            0.6552273238848522,
            0.4752017424910602,
            0.3061171869268481,
            0.0,
            0.0
        ],
        [
            0.0,
            0.0,
            0.0,
            0.0,
            0.0,
            0.0,
            0.0,
            0.0,
            0.0,
            0.0,
            0.0,
            0.0,
            0.0,
            0.0,
            0.0,
            0.0,
            0.0,
            0.0,
            0.0,
            0.0,
            0.0,
            0.0,
            0.7009983586482046,
            0.49796881645244495,
            0.6552273238848522,
            1.888861278714433,
            0.5827838701380158,
            0.2168190451956541,
            0.8256268603511723,
            0.0
        ],
        [
            0.0,
            0.0,
            0.0,
            0.0,
            0.0,
            0.0,
            0.0,
            0.0,
            0.0,
            0.0,
            0.0,
            0.0,
            0.0,
            0.0,
            0.0,
            0.0,
            0.0,
            0.0,
            0.0,
            0.0,
            0.0,
            0.0,
            0.0,
            0.38680180815698606,
            0.4752017424910602,
            0.5827838701380158,
            1.888861278714433,
            0.41575869476766936,
            0.24630826130170594,
            0.1950662044065987
        ],
        [
            0.0,
            0.0,
            0.0,
            0.0,
            0.0,
            0.0,
            0.0,
            0.0,
            0.0,
            0.0,
            0.0,
            0.0,
            0.0,
            0.0,
            0.0,
            0.0,
            0.0,
            0.0,
            0.0,
            0.0,
            0.0,
            0.0,
            0.0,
            0.0,
            0.3061171869268481,
            0.2168190451956541,
            0.41575869476766936,
            1.888861278714433,
            0.6930456271329237,
            0.3268898206324605
        ],
        [
            0.0,
            0.0,
            0.0,
            0.0,
            0.0,
            0.0,
            0.0,
            0.0,
            0.0,
            0.0,
            0.0,
            0.0,
            0.0,
            0.0,
            0.0,
            0.0,
            0.0,
            0.0,
            0.0,
            0.0,
            0.0,
            0.0,
            0.0,
            0.0,
            0.0,
            0.8256268603511723,
            0.24630826130170594,
            0.6930456271329237,
            1.888861278714433,
            0.6367266045743597
        ],
        [
            0.0,
            0.0,
            0.0,
            0.0,
            0.0,
            0.0,
            0.0,
            0.0,
            0.0,
            0.0,
            0.0,
            0.0,
            0.0,
            0.0,
            0.0,
            0.0,
            0.0,
            0.0,
            0.0,
            0.0,
            0.0,
            0.0,
            0.0,
            0.0,
            0.0,
            0.0,
            0.1950662044065987,
            0.3268898206324605,
            0.6367266045743597,
            1.888861278714433
        ]
    ],
    "sample_scaling": 150.0,
    "rho": 2.0,
    "max_iter": 200,
    "tol": 0.0001,
    "threshold": 0.01,
    "log_dir": "experiment_logs/7/n_30_scale_150.0"
}