{
    "lambda_values": [
        0.0,
        0.013793103448275864,
        0.027586206896551727,
        0.04137931034482759,
        0.055172413793103454,
        0.06896551724137932,
        0.08275862068965519,
        0.09655172413793105,
        0.11034482758620691,
        0.12413793103448277,
        0.13793103448275865,
        0.1517241379310345,
        0.16551724137931037,
        0.17931034482758623,
        0.1931034482758621,
        0.20689655172413796,
        0.22068965517241382,
        0.23448275862068968,
        0.24827586206896554,
        0.2620689655172414,
        0.2758620689655173,
        0.2896551724137931,
        0.303448275862069,
        0.31724137931034485,
        0.33103448275862074,
        0.3448275862068966,
        0.35862068965517246,
        0.3724137931034483,
        0.3862068965517242,
        0.4
    ],
    "B": [
        [
            1.9513110684738177,
            0.6803868409033568,
            0.19253676507351536,
            0.4075877018963422,
            0.0,
            0.0,
            0.0,
            0.0,
            0.0,
            0.0,
            0.0,
            0.0,
            0.0,
            0.0,
            0.0,
            0.0,
            0.0,
            0.0,
            0.0,
            0.0,
            0.0,
            0.0,
            0.0,
            0.0,
            0.0,
            0.0,
            0.0,
            0.0,
            0.0,
            0.0
        ],
        [
            0.6803868409033568,
            1.9513110684738177,
            0.5819938163612168,
            0.6175979541650336,
            0.5576318150977533,
            0.0,
            0.0,
            0.0,
            0.0,
            0.0,
            0.0,
            0.0,
            0.0,
            0.0,
            0.0,
            0.0,
            0.0,
            0.0,
            0.0,
            0.0,
            0.0,
            0.0,
            0.0,
            0.0,
            0.0,
            0.0,
            0.0,
            0.0,
            0.0,
            0.0
        ],
        [
            0.19253676507351536,
            0.5819938163612168,
            1.9513110684738177,
            0.8370142963302434,
            0.13081878115201767,
            0.7810653415527348,
            0.0,
            0.0,
            0.0,
            0.0,
            0.0,
            0.0,
            0.0,
            0.0,
            0.0,
            0.0,
            0.0,
            0.0,
            0.0,
            0.0,
            0.0,
            0.0,
            0.0,
            0.0,
            0.0,
            0.0,
            0.0,
            0.0,
            0.0,
            0.0
        ],
        [
            0.4075877018963422,
            0.6175979541650336,
            0.8370142963302434,
            1.9513110684738177,
            0.46831388786737593,
            0.34781056561865276,
            0.5875515644360364,
            0.0,
            0.0,
            0.0,
            0.0,
            0.0,
            0.0,
            0.0,
            0.0,
            0.0,
            0.0,
            0.0,
            0.0,
            0.0,
            0.0,
            0.0,
            0.0,
            0.0,
            0.0,
            0.0,
            0.0,
            0.0,
            0.0,
            0.0
        ],
        [
            0.0,
            0.5576318150977533,
            0.13081878115201767,
            0.46831388786737593,
            1.9513110684738177,
            0.2534801072214188,
            0.39197076896398064,
            0.34768711460308743,
            0.0,
            0.0,
            0.0,
            0.0,
            0.0,
            0.0,
            0.0,
            0.0,
            0.0,
            0.0,
            0.0,
            0.0,
            0.0,
            0.0,
            0.0,
            0.0,
            0.0,
            0.0,
            0.0,
            0.0,
            0.0,
            0.0
        ],
        [
            0.0,
            0.0,
            0.7810653415527348,
            0.34781056561865276,
            0.2534801072214188,
            1.9513110684738177,
            0.10931410109807543,
            0.7400148156837593,
            0.2970039657329808,
            0.0,
            0.0,
            0.0,
            0.0,
            0.0,
            0.0,
            0.0,
            0.0,
            0.0,
            0.0,
            0.0,
            0.0,
            0.0,
            0.0,
            0.0,
            0.0,
            0.0,
            0.0,
            0.0,
            0.0,
            0.0
        ],
        [
            0.0,
            0.0,
            0.0,
            0.5875515644360364,
            0.39197076896398064,
            0.10931410109807543,
            1.9513110684738177,
            0.11060123878341238,
            0.1829848594957266,
            0.7595868622400851,
            0.0,
            0.0,
            0.0,
            0.0,
            0.0,
            0.0,
            0.0,
            0.0,
            0.0,
            0.0,
            0.0,
            0.0,
            0.0,
            0.0,
            0.0,
            0.0,
            0.0,
            0.0,
            0.0,
            0.0
        ],
        [
            0.0,
            0.0,
            0.0,
            0.0,
            0.34768711460308743,
            0.7400148156837593,
            0.11060123878341238,
            1.9513110684738177,
            0.5008748172463824,
            0.8403040037865893,
            0.37427700171300005,
            0.0,
            0.0,
            0.0,
            0.0,
            0.0,
            0.0,
            0.0,
            0.0,
            0.0,
            0.0,
            0.0,
            0.0,
            0.0,
            0.0,
            0.0,
            0.0,
            0.0,
            0.0,
            0.0
        ],
        [
            0.0,
            0.0,
            0.0,
            0.0,
            0.0,
            0.2970039657329808,
            0.1829848594957266,
            0.5008748172463824,
            1.9513110684738177,
            0.7099402597790077,
            0.7592525130557205,
            0.10052530883061356,
            0.0,
            0.0,
            0.0,
            0.0,
            0.0,
            0.0,
            0.0,
            0.0,
            0.0,
            0.0,
            0.0,
            0.0,
            0.0,
            0.0,
            0.0,
            0.0,
            0.0,
            0.0
        ],
        [
            0.0,
            0.0,
            0.0,
            0.0,
            0.0,
            0.0,
            0.7595868622400851,
            0.8403040037865893,
            0.7099402597790077,
            1.9513110684738177,
            0.2816953204719462,
            0.8979529208435575,
            0.880304089073,
            0.0,
            0.0,
            0.0,
            0.0,
            0.0,
            0.0,
            0.0,
            0.0,
            0.0,
            0.0,
            0.0,
            0.0,
            0.0,
            0.0,
            0.0,
            0.0,
            0.0
        ],
        [
            0.0,
            0.0,
            0.0,
            0.0,
            0.0,
            0.0,
            0.0,
            0.37427700171300005,
            0.7592525130557205,
            0.2816953204719462,
            1.9513110684738177,
            0.5553159541050244,
            0.6055093581968866,
            0.42233052771839164,
            0.0,
            0.0,
            0.0,
            0.0,
            0.0,
            0.0,
            0.0,
            0.0,
            0.0,
            0.0,
            0.0,
            0.0,
            0.0,
            0.0,
            0.0,
            0.0
        ],
        [
            0.0,
            0.0,
            0.0,
            0.0,
            0.0,
            0.0,
            0.0,
            0.0,
            0.10052530883061356,
            0.8979529208435575,
            0.5553159541050244,
            1.9513110684738177,
            0.6825068954772859,
            0.32851526091409633,
            0.4752255030961452,
            0.0,
            0.0,
            0.0,
            0.0,
            0.0,
            0.0,
            0.0,
            0.0,
            0.0,
            0.0,
            0.0,
            0.0,
            0.0,
            0.0,
            0.0
        ],
        [
            0.0,
            0.0,
            0.0,
            0.0,
            0.0,
            0.0,
            0.0,
            0.0,
            0.0,
            0.880304089073,
            0.6055093581968866,
            0.6825068954772859,
            1.9513110684738177,
            0.5006479595313776,
            0.26188986494599203,
            0.2527703392828169,
            0.0,
            0.0,
            0.0,
            0.0,
            0.0,
            0.0,
            0.0,
            0.0,
            0.0,
            0.0,
            0.0,
            0.0,
            0.0,
            0.0
        ],
        [
            0.0,
            0.0,
            0.0,
            0.0,
            0.0,
            0.0,
            0.0,
            0.0,
            0.0,
            0.0,
            0.42233052771839164,
            0.32851526091409633,
            0.5006479595313776,
            1.9513110684738177,
            0.21433717428694454,
            0.615946296296731,
            0.3752494126026873,
            0.0,
            0.0,
            0.0,
            0.0,
            0.0,
            0.0,
            0.0,
            0.0,
            0.0,
            0.0,
            0.0,
            0.0,
            0.0
        ],
        [
            0.0,
            0.0,
            0.0,
            0.0,
            0.0,
            0.0,
            0.0,
            0.0,
            0.0,
            0.0,
            0.0,
            0.4752255030961452,
            0.26188986494599203,
            0.21433717428694454,
            1.9513110684738177,
            0.2759605889333079,
            0.767595679595254,
            0.19050486781164766,
            0.0,
            0.0,
            0.0,
            0.0,
            0.0,
            0.0,
            0.0,
            0.0,
            0.0,
            0.0,
            0.0,
            0.0
        ],
        [
            0.0,
            0.0,
            0.0,
            0.0,
            0.0,
            0.0,
            0.0,
            0.0,
            0.0,
            0.0,
            0.0,
            0.0,
            0.2527703392828169,
            0.615946296296731,
            0.2759605889333079,
            1.9513110684738177,
            0.4324693556117334,
            0.4095932556201849,
            0.3699123396241798,
            0.0,
            0.0,
            0.0,
            0.0,
            0.0,
            0.0,
            0.0,
            0.0,
            0.0,
            0.0,
            0.0
        ],
        [
            0.0,
            0.0,
            0.0,
            0.0,
            0.0,
            0.0,
            0.0,
            0.0,
            0.0,
            0.0,
            0.0,
            0.0,
            0.0,
            0.3752494126026873,
            0.767595679595254,
            0.4324693556117334,
            1.9513110684738177,
            0.45508083537209776,
            0.6224662801480182,
            0.3389786033926957,
            0.0,
            0.0,
            0.0,
            0.0,
            0.0,
            0.0,
            0.0,
            0.0,
            0.0,
            0.0
        ],
        [
            0.0,
            0.0,
            0.0,
            0.0,
            0.0,
            0.0,
            0.0,
            0.0,
            0.0,
            0.0,
            0.0,
            0.0,
            0.0,
            0.0,
            0.19050486781164766,
            0.4095932556201849,
            0.45508083537209776,
            1.9513110684738177,
            0.24206284086315472,
            0.4658626256937718,
            0.16694787827772153,
            0.0,
            0.0,
            0.0,
            0.0,
            0.0,
            0.0,
            0.0,
            0.0,
            0.0
        ],
        [
            0.0,
            0.0,
            0.0,
            0.0,
            0.0,
            0.0,
            0.0,
            0.0,
            0.0,
            0.0,
            0.0,
            0.0,
            0.0,
            0.0,
            0.0,
            0.3699123396241798,
            0.6224662801480182,
            0.24206284086315472,
            1.9513110684738177,
            0.41269507612961975,
            0.3160749314346628,
            0.36089481220256714,
            0.0,
            0.0,
            0.0,
            0.0,
            0.0,
            0.0,
            0.0,
            0.0
        ],
        [
            0.0,
            0.0,
            0.0,
            0.0,
            0.0,
            0.0,
            0.0,
            0.0,
            0.0,
            0.0,
            0.0,
            0.0,
            0.0,
            0.0,
            0.0,
            0.0,
            0.3389786033926957,
            0.4658626256937718,
            0.41269507612961975,
            1.9513110684738177,
            0.4476708159246421,
            0.8328414051529683,
            0.8088096344392255,
            0.0,
            0.0,
            0.0,
            0.0,
            0.0,
            0.0,
            0.0
        ],
        [
            0.0,
            0.0,
            0.0,
            0.0,
            0.0,
            0.0,
            0.0,
            0.0,
            0.0,
            0.0,
            0.0,
            0.0,
            0.0,
            0.0,
            0.0,
            0.0,
            0.0,
            0.16694787827772153,
            0.3160749314346628,
            0.4476708159246421,
            1.9513110684738177,
            0.7444491387579592,
            0.8835476402079134,
            0.7367041592766742,
            0.0,
            0.0,
            0.0,
            0.0,
            0.0,
            0.0
        ],
        [
            0.0,
            0.0,
            0.0,
            0.0,
            0.0,
            0.0,
            0.0,
            0.0,
            0.0,
            0.0,
            0.0,
            0.0,
            0.0,
            0.0,
            0.0,
            0.0,
            0.0,
            0.0,
            0.36089481220256714,
            0.8328414051529683,
            0.7444491387579592,
            1.9513110684738177,
            0.13603344738580303,
            0.7359234861852266,
            0.7953159507877804,
            0.0,
            0.0,
            0.0,
            0.0,
            0.0
        ],
        [
            0.0,
            0.0,
            0.0,
            0.0,
            0.0,
            0.0,
            0.0,
            0.0,
            0.0,
            0.0,
            0.0,
            0.0,
            0.0,
            0.0,
            0.0,
            0.0,
            0.0,
            0.0,
            0.0,
            0.8088096344392255,
            0.8835476402079134,
            0.13603344738580303,
            1.9513110684738177,
            0.6078487078374832,
            0.6119759161090024,
            0.1102190670933033,
            0.0,
            0.0,
            0.0,
            0.0
        ],
        [
            0.0,
            0.0,
            0.0,
            0.0,
            0.0,
            0.0,
            0.0,
            0.0,
            0.0,
            0.0,
            0.0,
            0.0,
            0.0,
            0.0,
            0.0,
            0.0,
            0.0,
            0.0,
            0.0,
            0.0,
            0.7367041592766742,
            0.7359234861852266,
            0.6078487078374832,
            1.9513110684738177,
            0.8357658586761881,
            0.28107986292631126,
            0.1283753424629885,
            0.0,
            0.0,
            0.0
        ],
        [
            0.0,
            0.0,
            0.0,
            0.0,
            0.0,
            0.0,
            0.0,
            0.0,
            0.0,
            0.0,
            0.0,
            0.0,
            0.0,
            0.0,
            0.0,
            0.0,
            0.0,
            0.0,
            0.0,
            0.0,
            0.0,
            0.7953159507877804,
            0.6119759161090024,
            0.8357658586761881,
            1.9513110684738177,
            0.261035652173818,
            0.5934775441011508,
            0.41864208972824457,
            0.0,
            0.0
        ],
        [
            0.0,
            0.0,
            0.0,
            0.0,
            0.0,
            0.0,
            0.0,
            0.0,
            0.0,
            0.0,
            0.0,
            0.0,
            0.0,
            0.0,
            0.0,
            0.0,
            0.0,
            0.0,
            0.0,
            0.0,
            0.0,
            0.0,
            0.1102190670933033,
            0.28107986292631126,
            0.261035652173818,
            1.9513110684738177,
            0.6880113421046989,
            0.25462142635708807,
            0.7052334538353646,
            0.0
        ],
        [
            0.0,
            0.0,
            0.0,
            0.0,
            0.0,
            0.0,
            0.0,
            0.0,
            0.0,
            0.0,
            0.0,
            0.0,
            0.0,
            0.0,
            0.0,
            0.0,
            0.0,
            0.0,
            0.0,
            0.0,
            0.0,
            0.0,
            0.0,
            0.1283753424629885,
            0.5934775441011508,
            0.6880113421046989,
            1.9513110684738177,
            0.6169153784078325,
            0.7801117494508847,
            0.8697610295350647
        ],
        [
            0.0,
            0.0,
            0.0,
            0.0,
            0.0,
            0.0,
            0.0,
            0.0,
            0.0,
            0.0,
            0.0,
            0.0,
            0.0,
            0.0,
            0.0,
            0.0,
            0.0,
            0.0,
            0.0,
            0.0,
            0.0,
            0.0,
            0.0,
            0.0,
            0.41864208972824457,
            0.25462142635708807,
            0.6169153784078325,
            1.9513110684738177,
            0.4929967760842333,
            0.24823340249750656
        ],
        [
            0.0,
            0.0,
            0.0,
            0.0,
            0.0,
            0.0,
            0.0,
            0.0,
            0.0,
            0.0,
            0.0,
            0.0,
            0.0,
            0.0,
            0.0,
            0.0,
            0.0,
            0.0,
            0.0,
            0.0,
            0.0,
            0.0,
            0.0,
            0.0,
            0.0,
            0.7052334538353646,
            0.7801117494508847,
            0.4929967760842333,
            1.9513110684738177,
            0.10014797911292161
        ],
        [
            0.0,
            0.0,
            0.0,
            0.0,
            0.0,
            0.0,
            0.0,
            0.0,
            0.0,
            0.0,
            0.0,
            0.0,
            0.0,
            0.0,
            0.0,
            0.0,
            0.0,
            0.0,
            0.0,
            0.0,
            0.0,
            0.0,
            0.0,
            0.0,
            0.0,
            0.0,
            0.8697610295350647,
            0.24823340249750656,
            0.10014797911292161,
            1.9513110684738177
        ]
    ],
    "sample_scaling": 5.0,
    "rho": 1.0,
    "max_iter": 200,
    "tol": 0.0001,
    "threshold": 0.1,
    "log_dir": "experiment_logs/7/n_30_scale_5.0"
}