{
    "lambda_values": [
        0.0,
        0.013793103448275864,
        0.027586206896551727,
        0.04137931034482759,
        0.055172413793103454,
        0.06896551724137932,
        0.08275862068965519,
        0.09655172413793105,
        0.11034482758620691,
        0.12413793103448277,
        0.13793103448275865,
        0.1517241379310345,
        0.16551724137931037,
        0.17931034482758623,
        0.1931034482758621,
        0.20689655172413796,
        0.22068965517241382,
        0.23448275862068968,
        0.24827586206896554,
        0.2620689655172414,
        0.2758620689655173,
        0.2896551724137931,
        0.303448275862069,
        0.31724137931034485,
        0.33103448275862074,
        0.3448275862068966,
        0.35862068965517246,
        0.3724137931034483,
        0.3862068965517242,
        0.4
    ],
    "B": [
        [
            1.8643550190308074,
            0.39729608564408625,
            0.6296312434208857,
            0.5515680842824834,
            0.0,
            0.0,
            0.0,
            0.0,
            0.0,
            0.0,
            0.0,
            0.0,
            0.0,
            0.0,
            0.0,
            0.0,
            0.0,
            0.0,
            0.0,
            0.0,
            0.0,
            0.0,
            0.0,
            0.0,
            0.0,
            0.0,
            0.0,
            0.0,
            0.0,
            0.0
        ],
        [
            0.39729608564408625,
            1.8643550190308074,
            0.5546915833386412,
            0.693945885374111,
            0.7577695390816107,
            0.0,
            0.0,
            0.0,
            0.0,
            0.0,
            0.0,
            0.0,
            0.0,
            0.0,
            0.0,
            0.0,
            0.0,
            0.0,
            0.0,
            0.0,
            0.0,
            0.0,
            0.0,
            0.0,
            0.0,
            0.0,
            0.0,
            0.0,
            0.0,
            0.0
        ],
        [
            0.6296312434208857,
            0.5546915833386412,
            1.8643550190308074,
            0.2389234506678249,
            0.5900458654656449,
            0.3745315222374329,
            0.0,
            0.0,
            0.0,
            0.0,
            0.0,
            0.0,
            0.0,
            0.0,
            0.0,
            0.0,
            0.0,
            0.0,
            0.0,
            0.0,
            0.0,
            0.0,
            0.0,
            0.0,
            0.0,
            0.0,
            0.0,
            0.0,
            0.0,
            0.0
        ],
        [
            0.5515680842824834,
            0.693945885374111,
            0.2389234506678249,
            1.8643550190308074,
            0.10539135388465076,
            0.19759231441357478,
            0.594881646383241,
            0.0,
            0.0,
            0.0,
            0.0,
            0.0,
            0.0,
            0.0,
            0.0,
            0.0,
            0.0,
            0.0,
            0.0,
            0.0,
            0.0,
            0.0,
            0.0,
            0.0,
            0.0,
            0.0,
            0.0,
            0.0,
            0.0,
            0.0
        ],
        [
            0.0,
            0.7577695390816107,
            0.5900458654656449,
            0.10539135388465076,
            1.8643550190308074,
            0.4027090384418467,
            0.5365839901514858,
            0.797177734815492,
            0.0,
            0.0,
            0.0,
            0.0,
            0.0,
            0.0,
            0.0,
            0.0,
            0.0,
            0.0,
            0.0,
            0.0,
            0.0,
            0.0,
            0.0,
            0.0,
            0.0,
            0.0,
            0.0,
            0.0,
            0.0,
            0.0
        ],
        [
            0.0,
            0.0,
            0.3745315222374329,
            0.19759231441357478,
            0.4027090384418467,
            1.8643550190308074,
            0.5335167923388884,
            0.3855393234613631,
            0.16984773375185336,
            0.0,
            0.0,
            0.0,
            0.0,
            0.0,
            0.0,
            0.0,
            0.0,
            0.0,
            0.0,
            0.0,
            0.0,
            0.0,
            0.0,
            0.0,
            0.0,
            0.0,
            0.0,
            0.0,
            0.0,
            0.0
        ],
        [
            0.0,
            0.0,
            0.0,
            0.594881646383241,
            0.5365839901514858,
            0.5335167923388884,
            1.8643550190308074,
            0.5146315341192995,
            0.28235637677365705,
            0.5541085836744262,
            0.0,
            0.0,
            0.0,
            0.0,
            0.0,
            0.0,
            0.0,
            0.0,
            0.0,
            0.0,
            0.0,
            0.0,
            0.0,
            0.0,
            0.0,
            0.0,
            0.0,
            0.0,
            0.0,
            0.0
        ],
        [
            0.0,
            0.0,
            0.0,
            0.0,
            0.797177734815492,
            0.3855393234613631,
            0.5146315341192995,
            1.8643550190308074,
            0.5578606796336847,
            0.7019206391271121,
            0.45677910193562554,
            0.0,
            0.0,
            0.0,
            0.0,
            0.0,
            0.0,
            0.0,
            0.0,
            0.0,
            0.0,
            0.0,
            0.0,
            0.0,
            0.0,
            0.0,
            0.0,
            0.0,
            0.0,
            0.0
        ],
        [
            0.0,
            0.0,
            0.0,
            0.0,
            0.0,
            0.16984773375185336,
            0.28235637677365705,
            0.5578606796336847,
            1.8643550190308074,
            0.46013417028480463,
            0.6361016188495872,
            0.4712333121967426,
            0.0,
            0.0,
            0.0,
            0.0,
            0.0,
            0.0,
            0.0,
            0.0,
            0.0,
            0.0,
            0.0,
            0.0,
            0.0,
            0.0,
            0.0,
            0.0,
            0.0,
            0.0
        ],
        [
            0.0,
            0.0,
            0.0,
            0.0,
            0.0,
            0.0,
            0.5541085836744262,
            0.7019206391271121,
            0.46013417028480463,
            1.8643550190308074,
            0.18724330157807867,
            0.8926229337075141,
            0.6805135995364981,
            0.0,
            0.0,
            0.0,
            0.0,
            0.0,
            0.0,
            0.0,
            0.0,
            0.0,
            0.0,
            0.0,
            0.0,
            0.0,
            0.0,
            0.0,
            0.0,
            0.0
        ],
        [
            0.0,
            0.0,
            0.0,
            0.0,
            0.0,
            0.0,
            0.0,
            0.45677910193562554,
            0.6361016188495872,
            0.18724330157807867,
            1.8643550190308074,
            0.7318931902016033,
            0.6307480529232223,
            0.7813072179739325,
            0.0,
            0.0,
            0.0,
            0.0,
            0.0,
            0.0,
            0.0,
            0.0,
            0.0,
            0.0,
            0.0,
            0.0,
            0.0,
            0.0,
            0.0,
            0.0
        ],
        [
            0.0,
            0.0,
            0.0,
            0.0,
            0.0,
            0.0,
            0.0,
            0.0,
            0.4712333121967426,
            0.8926229337075141,
            0.7318931902016033,
            1.8643550190308074,
            0.5484206240334296,
            0.7711990254694269,
            0.22809568332125674,
            0.0,
            0.0,
            0.0,
            0.0,
            0.0,
            0.0,
            0.0,
            0.0,
            0.0,
            0.0,
            0.0,
            0.0,
            0.0,
            0.0,
            0.0
        ],
        [
            0.0,
            0.0,
            0.0,
            0.0,
            0.0,
            0.0,
            0.0,
            0.0,
            0.0,
            0.6805135995364981,
            0.6307480529232223,
            0.5484206240334296,
            1.8643550190308074,
            0.8043615506812845,
            0.7337324930277002,
            0.677280350260337,
            0.0,
            0.0,
            0.0,
            0.0,
            0.0,
            0.0,
            0.0,
            0.0,
            0.0,
            0.0,
            0.0,
            0.0,
            0.0,
            0.0
        ],
        [
            0.0,
            0.0,
            0.0,
            0.0,
            0.0,
            0.0,
            0.0,
            0.0,
            0.0,
            0.0,
            0.7813072179739325,
            0.7711990254694269,
            0.8043615506812845,
            1.8643550190308074,
            0.7765103167336227,
            0.767808955227325,
            0.8611378409124774,
            0.0,
            0.0,
            0.0,
            0.0,
            0.0,
            0.0,
            0.0,
            0.0,
            0.0,
            0.0,
            0.0,
            0.0,
            0.0
        ],
        [
            0.0,
            0.0,
            0.0,
            0.0,
            0.0,
            0.0,
            0.0,
            0.0,
            0.0,
            0.0,
            0.0,
            0.22809568332125674,
            0.7337324930277002,
            0.7765103167336227,
            1.8643550190308074,
            0.8574465793175321,
            0.16430944256598937,
            0.10192104358734584,
            0.0,
            0.0,
            0.0,
            0.0,
            0.0,
            0.0,
            0.0,
            0.0,
            0.0,
            0.0,
            0.0,
            0.0
        ],
        [
            0.0,
            0.0,
            0.0,
            0.0,
            0.0,
            0.0,
            0.0,
            0.0,
            0.0,
            0.0,
            0.0,
            0.0,
            0.677280350260337,
            0.767808955227325,
            0.8574465793175321,
            1.8643550190308074,
            0.3994549866111786,
            0.2314808358769101,
            0.6908147787999417,
            0.0,
            0.0,
            0.0,
            0.0,
            0.0,
            0.0,
            0.0,
            0.0,
            0.0,
            0.0,
            0.0
        ],
        [
            0.0,
            0.0,
            0.0,
            0.0,
            0.0,
            0.0,
            0.0,
            0.0,
            0.0,
            0.0,
            0.0,
            0.0,
            0.0,
            0.8611378409124774,
            0.16430944256598937,
            0.3994549866111786,
            1.8643550190308074,
            0.6859021191437795,
            0.3736121529836751,
            0.37347833005962294,
            0.0,
            0.0,
            0.0,
            0.0,
            0.0,
            0.0,
            0.0,
            0.0,
            0.0,
            0.0
        ],
        [
            0.0,
            0.0,
            0.0,
            0.0,
            0.0,
            0.0,
            0.0,
            0.0,
            0.0,
            0.0,
            0.0,
            0.0,
            0.0,
            0.0,
            0.10192104358734584,
            0.2314808358769101,
            0.6859021191437795,
            1.8643550190308074,
            0.2669003442041623,
            0.3015845285005496,
            0.6728475054443125,
            0.0,
            0.0,
            0.0,
            0.0,
            0.0,
            0.0,
            0.0,
            0.0,
            0.0
        ],
        [
            0.0,
            0.0,
            0.0,
            0.0,
            0.0,
            0.0,
            0.0,
            0.0,
            0.0,
            0.0,
            0.0,
            0.0,
            0.0,
            0.0,
            0.0,
            0.6908147787999417,
            0.3736121529836751,
            0.2669003442041623,
            1.8643550190308074,
            0.5546141157646973,
            0.4529849463155329,
            0.5688913822590257,
            0.0,
            0.0,
            0.0,
            0.0,
            0.0,
            0.0,
            0.0,
            0.0
        ],
        [
            0.0,
            0.0,
            0.0,
            0.0,
            0.0,
            0.0,
            0.0,
            0.0,
            0.0,
            0.0,
            0.0,
            0.0,
            0.0,
            0.0,
            0.0,
            0.0,
            0.37347833005962294,
            0.3015845285005496,
            0.5546141157646973,
            1.8643550190308074,
            0.7220130760833968,
            0.8124043650611656,
            0.4468807433963966,
            0.0,
            0.0,
            0.0,
            0.0,
            0.0,
            0.0,
            0.0
        ],
        [
            0.0,
            0.0,
            0.0,
            0.0,
            0.0,
            0.0,
            0.0,
            0.0,
            0.0,
            0.0,
            0.0,
            0.0,
            0.0,
            0.0,
            0.0,
            0.0,
            0.0,
            0.6728475054443125,
            0.4529849463155329,
            0.7220130760833968,
            1.8643550190308074,
            0.6026547690018937,
            0.6429092012935601,
            0.7906132387228112,
            0.0,
            0.0,
            0.0,
            0.0,
            0.0,
            0.0
        ],
        [
            0.0,
            0.0,
            0.0,
            0.0,
            0.0,
            0.0,
            0.0,
            0.0,
            0.0,
            0.0,
            0.0,
            0.0,
            0.0,
            0.0,
            0.0,
            0.0,
            0.0,
            0.0,
            0.5688913822590257,
            0.8124043650611656,
            0.6026547690018937,
            1.8643550190308074,
            0.6073384545107983,
            0.5878968027251475,
            0.10933054910866043,
            0.0,
            0.0,
            0.0,
            0.0,
            0.0
        ],
        [
            0.0,
            0.0,
            0.0,
            0.0,
            0.0,
            0.0,
            0.0,
            0.0,
            0.0,
            0.0,
            0.0,
            0.0,
            0.0,
            0.0,
            0.0,
            0.0,
            0.0,
            0.0,
            0.0,
            0.4468807433963966,
            0.6429092012935601,
            0.6073384545107983,
            1.8643550190308074,
            0.728551984444891,
            0.7250144418720337,
            0.7342166764572727,
            0.0,
            0.0,
            0.0,
            0.0
        ],
        [
            0.0,
            0.0,
            0.0,
            0.0,
            0.0,
            0.0,
            0.0,
            0.0,
            0.0,
            0.0,
            0.0,
            0.0,
            0.0,
            0.0,
            0.0,
            0.0,
            0.0,
            0.0,
            0.0,
            0.0,
            0.7906132387228112,
            0.5878968027251475,
            0.728551984444891,
            1.8643550190308074,
            0.7405235919695239,
            0.36970572344898656,
            0.36840642375227783,
            0.0,
            0.0,
            0.0
        ],
        [
            0.0,
            0.0,
            0.0,
            0.0,
            0.0,
            0.0,
            0.0,
            0.0,
            0.0,
            0.0,
            0.0,
            0.0,
            0.0,
            0.0,
            0.0,
            0.0,
            0.0,
            0.0,
            0.0,
            0.0,
            0.0,
            0.10933054910866043,
            0.7250144418720337,
            0.7405235919695239,
            1.8643550190308074,
            0.8162977196526232,
            0.3081297253869393,
            0.8563021989805191,
            0.0,
            0.0
        ],
        [
            0.0,
            0.0,
            0.0,
            0.0,
            0.0,
            0.0,
            0.0,
            0.0,
            0.0,
            0.0,
            0.0,
            0.0,
            0.0,
            0.0,
            0.0,
            0.0,
            0.0,
            0.0,
            0.0,
            0.0,
            0.0,
            0.0,
            0.7342166764572727,
            0.36970572344898656,
            0.8162977196526232,
            1.8643550190308074,
            0.4371685628063757,
            0.24345037694223343,
            0.19053599793594717,
            0.0
        ],
        [
            0.0,
            0.0,
            0.0,
            0.0,
            0.0,
            0.0,
            0.0,
            0.0,
            0.0,
            0.0,
            0.0,
            0.0,
            0.0,
            0.0,
            0.0,
            0.0,
            0.0,
            0.0,
            0.0,
            0.0,
            0.0,
            0.0,
            0.0,
            0.36840642375227783,
            0.3081297253869393,
            0.4371685628063757,
            1.8643550190308074,
            0.8792448714648552,
            0.305153380284646,
            0.3920906533724309
        ],
        [
            0.0,
            0.0,
            0.0,
            0.0,
            0.0,
            0.0,
            0.0,
            0.0,
            0.0,
            0.0,
            0.0,
            0.0,
            0.0,
            0.0,
            0.0,
            0.0,
            0.0,
            0.0,
            0.0,
            0.0,
            0.0,
            0.0,
            0.0,
            0.0,
            0.8563021989805191,
            0.24345037694223343,
            0.8792448714648552,
            1.8643550190308074,
            0.43277703205847395,
            0.14147290438066884
        ],
        [
            0.0,
            0.0,
            0.0,
            0.0,
            0.0,
            0.0,
            0.0,
            0.0,
            0.0,
            0.0,
            0.0,
            0.0,
            0.0,
            0.0,
            0.0,
            0.0,
            0.0,
            0.0,
            0.0,
            0.0,
            0.0,
            0.0,
            0.0,
            0.0,
            0.0,
            0.19053599793594717,
            0.305153380284646,
            0.43277703205847395,
            1.8643550190308074,
            0.67721112107477
        ],
        [
            0.0,
            0.0,
            0.0,
            0.0,
            0.0,
            0.0,
            0.0,
            0.0,
            0.0,
            0.0,
            0.0,
            0.0,
            0.0,
            0.0,
            0.0,
            0.0,
            0.0,
            0.0,
            0.0,
            0.0,
            0.0,
            0.0,
            0.0,
            0.0,
            0.0,
            0.0,
            0.3920906533724309,
            0.14147290438066884,
            0.67721112107477,
            1.8643550190308074
        ]
    ],
    "sample_scaling": 10000.0,
    "rho": 2.0,
    "max_iter": 200,
    "tol": 0.0001,
    "threshold": 0.0001,
    "log_dir": "experiment_logs/7/n_30_scale_10000.0"
}