{
    "lambda_values": [
        0.0,
        0.013793103448275864,
        0.027586206896551727,
        0.04137931034482759,
        0.055172413793103454,
        0.06896551724137932,
        0.08275862068965519,
        0.09655172413793105,
        0.11034482758620691,
        0.12413793103448277,
        0.13793103448275865,
        0.1517241379310345,
        0.16551724137931037,
        0.17931034482758623,
        0.1931034482758621,
        0.20689655172413796,
        0.22068965517241382,
        0.23448275862068968,
        0.24827586206896554,
        0.2620689655172414,
        0.2758620689655173,
        0.2896551724137931,
        0.303448275862069,
        0.31724137931034485,
        0.33103448275862074,
        0.3448275862068966,
        0.35862068965517246,
        0.3724137931034483,
        0.3862068965517242,
        0.4
    ],
    "B": [
        [
            1.7517005413259583,
            0.19446399720903065,
            0.4471664820286486,
            0.5146260218647337,
            0.0,
            0.0,
            0.0,
            0.0,
            0.0,
            0.0,
            0.0,
            0.0,
            0.0,
            0.0,
            0.0,
            0.0,
            0.0,
            0.0,
            0.0,
            0.0,
            0.0,
            0.0,
            0.0,
            0.0,
            0.0,
            0.0,
            0.0,
            0.0,
            0.0,
            0.0
        ],
        [
            0.19446399720903065,
            1.7517005413259583,
            0.39800424482905217,
            0.23545998736325802,
            0.5763921544700966,
            0.0,
            0.0,
            0.0,
            0.0,
            0.0,
            0.0,
            0.0,
            0.0,
            0.0,
            0.0,
            0.0,
            0.0,
            0.0,
            0.0,
            0.0,
            0.0,
            0.0,
            0.0,
            0.0,
            0.0,
            0.0,
            0.0,
            0.0,
            0.0,
            0.0
        ],
        [
            0.4471664820286486,
            0.39800424482905217,
            1.7517005413259583,
            0.3935776754156439,
            0.15764850253990606,
            0.5732321178322828,
            0.0,
            0.0,
            0.0,
            0.0,
            0.0,
            0.0,
            0.0,
            0.0,
            0.0,
            0.0,
            0.0,
            0.0,
            0.0,
            0.0,
            0.0,
            0.0,
            0.0,
            0.0,
            0.0,
            0.0,
            0.0,
            0.0,
            0.0,
            0.0
        ],
        [
            0.5146260218647337,
            0.23545998736325802,
            0.3935776754156439,
            1.7517005413259583,
            0.37714154103009856,
            0.6334304279209354,
            0.3779966799122353,
            0.0,
            0.0,
            0.0,
            0.0,
            0.0,
            0.0,
            0.0,
            0.0,
            0.0,
            0.0,
            0.0,
            0.0,
            0.0,
            0.0,
            0.0,
            0.0,
            0.0,
            0.0,
            0.0,
            0.0,
            0.0,
            0.0,
            0.0
        ],
        [
            0.0,
            0.5763921544700966,
            0.15764850253990606,
            0.37714154103009856,
            1.7517005413259583,
            0.15684036240548221,
            0.8388688116291145,
            0.31953290602711404,
            0.0,
            0.0,
            0.0,
            0.0,
            0.0,
            0.0,
            0.0,
            0.0,
            0.0,
            0.0,
            0.0,
            0.0,
            0.0,
            0.0,
            0.0,
            0.0,
            0.0,
            0.0,
            0.0,
            0.0,
            0.0,
            0.0
        ],
        [
            0.0,
            0.0,
            0.5732321178322828,
            0.6334304279209354,
            0.15684036240548221,
            1.7517005413259583,
            0.49954606802252177,
            0.8304742499585457,
            0.8178368966105912,
            0.0,
            0.0,
            0.0,
            0.0,
            0.0,
            0.0,
            0.0,
            0.0,
            0.0,
            0.0,
            0.0,
            0.0,
            0.0,
            0.0,
            0.0,
            0.0,
            0.0,
            0.0,
            0.0,
            0.0,
            0.0
        ],
        [
            0.0,
            0.0,
            0.0,
            0.3779966799122353,
            0.8388688116291145,
            0.49954606802252177,
            1.7517005413259583,
            0.684418991254693,
            0.6927865752119329,
            0.6608261970783085,
            0.0,
            0.0,
            0.0,
            0.0,
            0.0,
            0.0,
            0.0,
            0.0,
            0.0,
            0.0,
            0.0,
            0.0,
            0.0,
            0.0,
            0.0,
            0.0,
            0.0,
            0.0,
            0.0,
            0.0
        ],
        [
            0.0,
            0.0,
            0.0,
            0.0,
            0.31953290602711404,
            0.8304742499585457,
            0.684418991254693,
            1.7517005413259583,
            0.36502567674462183,
            0.242649927210765,
            0.3067231116623238,
            0.0,
            0.0,
            0.0,
            0.0,
            0.0,
            0.0,
            0.0,
            0.0,
            0.0,
            0.0,
            0.0,
            0.0,
            0.0,
            0.0,
            0.0,
            0.0,
            0.0,
            0.0,
            0.0
        ],
        [
            0.0,
            0.0,
            0.0,
            0.0,
            0.0,
            0.8178368966105912,
            0.6927865752119329,
            0.36502567674462183,
            1.7517005413259583,
            0.1832830516821253,
            0.735342656507675,
            0.3478608014424903,
            0.0,
            0.0,
            0.0,
            0.0,
            0.0,
            0.0,
            0.0,
            0.0,
            0.0,
            0.0,
            0.0,
            0.0,
            0.0,
            0.0,
            0.0,
            0.0,
            0.0,
            0.0
        ],
        [
            0.0,
            0.0,
            0.0,
            0.0,
            0.0,
            0.0,
            0.6608261970783085,
            0.242649927210765,
            0.1832830516821253,
            1.7517005413259583,
            0.6480679511230001,
            0.40698572486220463,
            0.31246814337246576,
            0.0,
            0.0,
            0.0,
            0.0,
            0.0,
            0.0,
            0.0,
            0.0,
            0.0,
            0.0,
            0.0,
            0.0,
            0.0,
            0.0,
            0.0,
            0.0,
            0.0
        ],
        [
            0.0,
            0.0,
            0.0,
            0.0,
            0.0,
            0.0,
            0.0,
            0.3067231116623238,
            0.735342656507675,
            0.6480679511230001,
            1.7517005413259583,
            0.5355904901830387,
            0.5713803765394877,
            0.3015686627531934,
            0.0,
            0.0,
            0.0,
            0.0,
            0.0,
            0.0,
            0.0,
            0.0,
            0.0,
            0.0,
            0.0,
            0.0,
            0.0,
            0.0,
            0.0,
            0.0
        ],
        [
            0.0,
            0.0,
            0.0,
            0.0,
            0.0,
            0.0,
            0.0,
            0.0,
            0.3478608014424903,
            0.40698572486220463,
            0.5355904901830387,
            1.7517005413259583,
            0.17803130239983933,
            0.6595250119116663,
            0.6268000474968722,
            0.0,
            0.0,
            0.0,
            0.0,
            0.0,
            0.0,
            0.0,
            0.0,
            0.0,
            0.0,
            0.0,
            0.0,
            0.0,
            0.0,
            0.0
        ],
        [
            0.0,
            0.0,
            0.0,
            0.0,
            0.0,
            0.0,
            0.0,
            0.0,
            0.0,
            0.31246814337246576,
            0.5713803765394877,
            0.17803130239983933,
            1.7517005413259583,
            0.6478568492588734,
            0.4593591444928865,
            0.8275802604160231,
            0.0,
            0.0,
            0.0,
            0.0,
            0.0,
            0.0,
            0.0,
            0.0,
            0.0,
            0.0,
            0.0,
            0.0,
            0.0,
            0.0
        ],
        [
            0.0,
            0.0,
            0.0,
            0.0,
            0.0,
            0.0,
            0.0,
            0.0,
            0.0,
            0.0,
            0.3015686627531934,
            0.6595250119116663,
            0.6478568492588734,
            1.7517005413259583,
            0.5325510554882736,
            0.6225896936847847,
            0.3597682026714625,
            0.0,
            0.0,
            0.0,
            0.0,
            0.0,
            0.0,
            0.0,
            0.0,
            0.0,
            0.0,
            0.0,
            0.0,
            0.0
        ],
        [
            0.0,
            0.0,
            0.0,
            0.0,
            0.0,
            0.0,
            0.0,
            0.0,
            0.0,
            0.0,
            0.0,
            0.6268000474968722,
            0.4593591444928865,
            0.5325510554882736,
            1.7517005413259583,
            0.15065230989555758,
            0.7583319395370393,
            0.7529190344776164,
            0.0,
            0.0,
            0.0,
            0.0,
            0.0,
            0.0,
            0.0,
            0.0,
            0.0,
            0.0,
            0.0,
            0.0
        ],
        [
            0.0,
            0.0,
            0.0,
            0.0,
            0.0,
            0.0,
            0.0,
            0.0,
            0.0,
            0.0,
            0.0,
            0.0,
            0.8275802604160231,
            0.6225896936847847,
            0.15065230989555758,
            1.7517005413259583,
            0.27519584392788643,
            0.1466557449333208,
            0.6593621962604652,
            0.0,
            0.0,
            0.0,
            0.0,
            0.0,
            0.0,
            0.0,
            0.0,
            0.0,
            0.0,
            0.0
        ],
        [
            0.0,
            0.0,
            0.0,
            0.0,
            0.0,
            0.0,
            0.0,
            0.0,
            0.0,
            0.0,
            0.0,
            0.0,
            0.0,
            0.3597682026714625,
            0.7583319395370393,
            0.27519584392788643,
            1.7517005413259583,
            0.7472760672746718,
            0.6414294825213968,
            0.45629416563335845,
            0.0,
            0.0,
            0.0,
            0.0,
            0.0,
            0.0,
            0.0,
            0.0,
            0.0,
            0.0
        ],
        [
            0.0,
            0.0,
            0.0,
            0.0,
            0.0,
            0.0,
            0.0,
            0.0,
            0.0,
            0.0,
            0.0,
            0.0,
            0.0,
            0.0,
            0.7529190344776164,
            0.1466557449333208,
            0.7472760672746718,
            1.7517005413259583,
            0.4199071876157622,
            0.19257402004714727,
            0.6504240550750693,
            0.0,
            0.0,
            0.0,
            0.0,
            0.0,
            0.0,
            0.0,
            0.0,
            0.0
        ],
        [
            0.0,
            0.0,
            0.0,
            0.0,
            0.0,
            0.0,
            0.0,
            0.0,
            0.0,
            0.0,
            0.0,
            0.0,
            0.0,
            0.0,
            0.0,
            0.6593621962604652,
            0.6414294825213968,
            0.4199071876157622,
            1.7517005413259583,
            0.23570626813186096,
            0.4881077508760038,
            0.5567691915687214,
            0.0,
            0.0,
            0.0,
            0.0,
            0.0,
            0.0,
            0.0,
            0.0
        ],
        [
            0.0,
            0.0,
            0.0,
            0.0,
            0.0,
            0.0,
            0.0,
            0.0,
            0.0,
            0.0,
            0.0,
            0.0,
            0.0,
            0.0,
            0.0,
            0.0,
            0.45629416563335845,
            0.19257402004714727,
            0.23570626813186096,
            1.7517005413259583,
            0.7151495720865254,
            0.43247834815846475,
            0.6322739359962901,
            0.0,
            0.0,
            0.0,
            0.0,
            0.0,
            0.0,
            0.0
        ],
        [
            0.0,
            0.0,
            0.0,
            0.0,
            0.0,
            0.0,
            0.0,
            0.0,
            0.0,
            0.0,
            0.0,
            0.0,
            0.0,
            0.0,
            0.0,
            0.0,
            0.0,
            0.6504240550750693,
            0.4881077508760038,
            0.7151495720865254,
            1.7517005413259583,
            0.47804494782299944,
            0.11024472998117707,
            0.17671244358059435,
            0.0,
            0.0,
            0.0,
            0.0,
            0.0,
            0.0
        ],
        [
            0.0,
            0.0,
            0.0,
            0.0,
            0.0,
            0.0,
            0.0,
            0.0,
            0.0,
            0.0,
            0.0,
            0.0,
            0.0,
            0.0,
            0.0,
            0.0,
            0.0,
            0.0,
            0.5567691915687214,
            0.43247834815846475,
            0.47804494782299944,
            1.7517005413259583,
            0.18417499040141705,
            0.17381177332189435,
            0.11319683696527179,
            0.0,
            0.0,
            0.0,
            0.0,
            0.0
        ],
        [
            0.0,
            0.0,
            0.0,
            0.0,
            0.0,
            0.0,
            0.0,
            0.0,
            0.0,
            0.0,
            0.0,
            0.0,
            0.0,
            0.0,
            0.0,
            0.0,
            0.0,
            0.0,
            0.0,
            0.6322739359962901,
            0.11024472998117707,
            0.18417499040141705,
            1.7517005413259583,
            0.38604859374849065,
            0.11734574718677537,
            0.15410031182811387,
            0.0,
            0.0,
            0.0,
            0.0
        ],
        [
            0.0,
            0.0,
            0.0,
            0.0,
            0.0,
            0.0,
            0.0,
            0.0,
            0.0,
            0.0,
            0.0,
            0.0,
            0.0,
            0.0,
            0.0,
            0.0,
            0.0,
            0.0,
            0.0,
            0.0,
            0.17671244358059435,
            0.17381177332189435,
            0.38604859374849065,
            1.7517005413259583,
            0.35210677205503815,
            0.777486535114124,
            0.5951197570254362,
            0.0,
            0.0,
            0.0
        ],
        [
            0.0,
            0.0,
            0.0,
            0.0,
            0.0,
            0.0,
            0.0,
            0.0,
            0.0,
            0.0,
            0.0,
            0.0,
            0.0,
            0.0,
            0.0,
            0.0,
            0.0,
            0.0,
            0.0,
            0.0,
            0.0,
            0.11319683696527179,
            0.11734574718677537,
            0.35210677205503815,
            1.7517005413259583,
            0.35031995111793024,
            0.47806717211731087,
            0.4804977315398261,
            0.0,
            0.0
        ],
        [
            0.0,
            0.0,
            0.0,
            0.0,
            0.0,
            0.0,
            0.0,
            0.0,
            0.0,
            0.0,
            0.0,
            0.0,
            0.0,
            0.0,
            0.0,
            0.0,
            0.0,
            0.0,
            0.0,
            0.0,
            0.0,
            0.0,
            0.15410031182811387,
            0.777486535114124,
            0.35031995111793024,
            1.7517005413259583,
            0.40550673631071366,
            0.29502349814481815,
            0.8770613288304422,
            0.0
        ],
        [
            0.0,
            0.0,
            0.0,
            0.0,
            0.0,
            0.0,
            0.0,
            0.0,
            0.0,
            0.0,
            0.0,
            0.0,
            0.0,
            0.0,
            0.0,
            0.0,
            0.0,
            0.0,
            0.0,
            0.0,
            0.0,
            0.0,
            0.0,
            0.5951197570254362,
            0.47806717211731087,
            0.40550673631071366,
            1.7517005413259583,
            0.8345832231697238,
            0.5110205861274661,
            0.42289912281898223
        ],
        [
            0.0,
            0.0,
            0.0,
            0.0,
            0.0,
            0.0,
            0.0,
            0.0,
            0.0,
            0.0,
            0.0,
            0.0,
            0.0,
            0.0,
            0.0,
            0.0,
            0.0,
            0.0,
            0.0,
            0.0,
            0.0,
            0.0,
            0.0,
            0.0,
            0.4804977315398261,
            0.29502349814481815,
            0.8345832231697238,
            1.7517005413259583,
            0.5085887389525957,
            0.10401124729363308
        ],
        [
            0.0,
            0.0,
            0.0,
            0.0,
            0.0,
            0.0,
            0.0,
            0.0,
            0.0,
            0.0,
            0.0,
            0.0,
            0.0,
            0.0,
            0.0,
            0.0,
            0.0,
            0.0,
            0.0,
            0.0,
            0.0,
            0.0,
            0.0,
            0.0,
            0.0,
            0.8770613288304422,
            0.5110205861274661,
            0.5085887389525957,
            1.7517005413259583,
            0.813099407912961
        ],
        [
            0.0,
            0.0,
            0.0,
            0.0,
            0.0,
            0.0,
            0.0,
            0.0,
            0.0,
            0.0,
            0.0,
            0.0,
            0.0,
            0.0,
            0.0,
            0.0,
            0.0,
            0.0,
            0.0,
            0.0,
            0.0,
            0.0,
            0.0,
            0.0,
            0.0,
            0.0,
            0.42289912281898223,
            0.10401124729363308,
            0.813099407912961,
            1.7517005413259583
        ]
    ],
    "sample_scaling": 350.0,
    "rho": 2.0,
    "max_iter": 200,
    "tol": 0.0001,
    "threshold": 0.01,
    "log_dir": "experiment_logs/7/n_30_scale_350.0"
}