{
    "lambda_values": [
        0.0,
        0.013793103448275864,
        0.027586206896551727,
        0.04137931034482759,
        0.055172413793103454,
        0.06896551724137932,
        0.08275862068965519,
        0.09655172413793105,
        0.11034482758620691,
        0.12413793103448277,
        0.13793103448275865,
        0.1517241379310345,
        0.16551724137931037,
        0.17931034482758623,
        0.1931034482758621,
        0.20689655172413796,
        0.22068965517241382,
        0.23448275862068968,
        0.24827586206896554,
        0.2620689655172414,
        0.2758620689655173,
        0.2896551724137931,
        0.303448275862069,
        0.31724137931034485,
        0.33103448275862074,
        0.3448275862068966,
        0.35862068965517246,
        0.3724137931034483,
        0.3862068965517242,
        0.4
    ],
    "B": [
        [
            1.7132262941697904,
            0.2674864061857008,
            0.20467022892890663,
            0.226638381855462,
            0.0,
            0.0,
            0.0,
            0.0,
            0.0,
            0.0,
            0.0,
            0.0,
            0.0,
            0.0,
            0.0,
            0.0,
            0.0,
            0.0,
            0.0,
            0.0,
            0.0,
            0.0,
            0.0,
            0.0,
            0.0,
            0.0,
            0.0,
            0.0,
            0.0,
            0.0
        ],
        [
            0.2674864061857008,
            1.7132262941697904,
            0.8930054948245434,
            0.5644198465605331,
            0.5231632957806432,
            0.0,
            0.0,
            0.0,
            0.0,
            0.0,
            0.0,
            0.0,
            0.0,
            0.0,
            0.0,
            0.0,
            0.0,
            0.0,
            0.0,
            0.0,
            0.0,
            0.0,
            0.0,
            0.0,
            0.0,
            0.0,
            0.0,
            0.0,
            0.0,
            0.0
        ],
        [
            0.20467022892890663,
            0.8930054948245434,
            1.7132262941697904,
            0.3656991466951083,
            0.5079523364983356,
            0.7588601808428854,
            0.0,
            0.0,
            0.0,
            0.0,
            0.0,
            0.0,
            0.0,
            0.0,
            0.0,
            0.0,
            0.0,
            0.0,
            0.0,
            0.0,
            0.0,
            0.0,
            0.0,
            0.0,
            0.0,
            0.0,
            0.0,
            0.0,
            0.0,
            0.0
        ],
        [
            0.226638381855462,
            0.5644198465605331,
            0.3656991466951083,
            1.7132262941697904,
            0.6933499955499656,
            0.6657608233924791,
            0.10412338934079922,
            0.0,
            0.0,
            0.0,
            0.0,
            0.0,
            0.0,
            0.0,
            0.0,
            0.0,
            0.0,
            0.0,
            0.0,
            0.0,
            0.0,
            0.0,
            0.0,
            0.0,
            0.0,
            0.0,
            0.0,
            0.0,
            0.0,
            0.0
        ],
        [
            0.0,
            0.5231632957806432,
            0.5079523364983356,
            0.6933499955499656,
            1.7132262941697904,
            0.4564056876088447,
            0.6457350951127341,
            0.8828832291673289,
            0.0,
            0.0,
            0.0,
            0.0,
            0.0,
            0.0,
            0.0,
            0.0,
            0.0,
            0.0,
            0.0,
            0.0,
            0.0,
            0.0,
            0.0,
            0.0,
            0.0,
            0.0,
            0.0,
            0.0,
            0.0,
            0.0
        ],
        [
            0.0,
            0.0,
            0.7588601808428854,
            0.6657608233924791,
            0.4564056876088447,
            1.7132262941697904,
            0.71685835272271,
            0.25849650993289797,
            0.4829330397599628,
            0.0,
            0.0,
            0.0,
            0.0,
            0.0,
            0.0,
            0.0,
            0.0,
            0.0,
            0.0,
            0.0,
            0.0,
            0.0,
            0.0,
            0.0,
            0.0,
            0.0,
            0.0,
            0.0,
            0.0,
            0.0
        ],
        [
            0.0,
            0.0,
            0.0,
            0.10412338934079922,
            0.6457350951127341,
            0.71685835272271,
            1.7132262941697904,
            0.638237517679322,
            0.1247217531189449,
            0.2463135793715778,
            0.0,
            0.0,
            0.0,
            0.0,
            0.0,
            0.0,
            0.0,
            0.0,
            0.0,
            0.0,
            0.0,
            0.0,
            0.0,
            0.0,
            0.0,
            0.0,
            0.0,
            0.0,
            0.0,
            0.0
        ],
        [
            0.0,
            0.0,
            0.0,
            0.0,
            0.8828832291673289,
            0.25849650993289797,
            0.638237517679322,
            1.7132262941697904,
            0.44303106867106534,
            0.421193441987031,
            0.6546083777551895,
            0.0,
            0.0,
            0.0,
            0.0,
            0.0,
            0.0,
            0.0,
            0.0,
            0.0,
            0.0,
            0.0,
            0.0,
            0.0,
            0.0,
            0.0,
            0.0,
            0.0,
            0.0,
            0.0
        ],
        [
            0.0,
            0.0,
            0.0,
            0.0,
            0.0,
            0.4829330397599628,
            0.1247217531189449,
            0.44303106867106534,
            1.7132262941697904,
            0.6381015163568444,
            0.12883797467712946,
            0.4372120187416453,
            0.0,
            0.0,
            0.0,
            0.0,
            0.0,
            0.0,
            0.0,
            0.0,
            0.0,
            0.0,
            0.0,
            0.0,
            0.0,
            0.0,
            0.0,
            0.0,
            0.0,
            0.0
        ],
        [
            0.0,
            0.0,
            0.0,
            0.0,
            0.0,
            0.0,
            0.2463135793715778,
            0.421193441987031,
            0.6381015163568444,
            1.7132262941697904,
            0.4210120433180923,
            0.5804877898832449,
            0.38519328567530675,
            0.0,
            0.0,
            0.0,
            0.0,
            0.0,
            0.0,
            0.0,
            0.0,
            0.0,
            0.0,
            0.0,
            0.0,
            0.0,
            0.0,
            0.0,
            0.0,
            0.0
        ],
        [
            0.0,
            0.0,
            0.0,
            0.0,
            0.0,
            0.0,
            0.0,
            0.6546083777551895,
            0.12883797467712946,
            0.4210120433180923,
            1.7132262941697904,
            0.8288467300922534,
            0.4577582140113149,
            0.7733468713508742,
            0.0,
            0.0,
            0.0,
            0.0,
            0.0,
            0.0,
            0.0,
            0.0,
            0.0,
            0.0,
            0.0,
            0.0,
            0.0,
            0.0,
            0.0,
            0.0
        ],
        [
            0.0,
            0.0,
            0.0,
            0.0,
            0.0,
            0.0,
            0.0,
            0.0,
            0.4372120187416453,
            0.5804877898832449,
            0.8288467300922534,
            1.7132262941697904,
            0.6079539126227386,
            0.6676130238841079,
            0.5612349111591433,
            0.0,
            0.0,
            0.0,
            0.0,
            0.0,
            0.0,
            0.0,
            0.0,
            0.0,
            0.0,
            0.0,
            0.0,
            0.0,
            0.0,
            0.0
        ],
        [
            0.0,
            0.0,
            0.0,
            0.0,
            0.0,
            0.0,
            0.0,
            0.0,
            0.0,
            0.38519328567530675,
            0.4577582140113149,
            0.6079539126227386,
            1.7132262941697904,
            0.8818231283091817,
            0.4782331821936886,
            0.8009736229652608,
            0.0,
            0.0,
            0.0,
            0.0,
            0.0,
            0.0,
            0.0,
            0.0,
            0.0,
            0.0,
            0.0,
            0.0,
            0.0,
            0.0
        ],
        [
            0.0,
            0.0,
            0.0,
            0.0,
            0.0,
            0.0,
            0.0,
            0.0,
            0.0,
            0.0,
            0.7733468713508742,
            0.6676130238841079,
            0.8818231283091817,
            1.7132262941697904,
            0.2649885597799687,
            0.2996208699861429,
            0.27566788355053207,
            0.0,
            0.0,
            0.0,
            0.0,
            0.0,
            0.0,
            0.0,
            0.0,
            0.0,
            0.0,
            0.0,
            0.0,
            0.0
        ],
        [
            0.0,
            0.0,
            0.0,
            0.0,
            0.0,
            0.0,
            0.0,
            0.0,
            0.0,
            0.0,
            0.0,
            0.5612349111591433,
            0.4782331821936886,
            0.2649885597799687,
            1.7132262941697904,
            0.6609153276772883,
            0.44805430586613626,
            0.4161570062576174,
            0.0,
            0.0,
            0.0,
            0.0,
            0.0,
            0.0,
            0.0,
            0.0,
            0.0,
            0.0,
            0.0,
            0.0
        ],
        [
            0.0,
            0.0,
            0.0,
            0.0,
            0.0,
            0.0,
            0.0,
            0.0,
            0.0,
            0.0,
            0.0,
            0.0,
            0.8009736229652608,
            0.2996208699861429,
            0.6609153276772883,
            1.7132262941697904,
            0.2904211040128357,
            0.24483381529773177,
            0.35772704179102466,
            0.0,
            0.0,
            0.0,
            0.0,
            0.0,
            0.0,
            0.0,
            0.0,
            0.0,
            0.0,
            0.0
        ],
        [
            0.0,
            0.0,
            0.0,
            0.0,
            0.0,
            0.0,
            0.0,
            0.0,
            0.0,
            0.0,
            0.0,
            0.0,
            0.0,
            0.27566788355053207,
            0.44805430586613626,
            0.2904211040128357,
            1.7132262941697904,
            0.6251854133432804,
            0.770519219917902,
            0.5410078276901588,
            0.0,
            0.0,
            0.0,
            0.0,
            0.0,
            0.0,
            0.0,
            0.0,
            0.0,
            0.0
        ],
        [
            0.0,
            0.0,
            0.0,
            0.0,
            0.0,
            0.0,
            0.0,
            0.0,
            0.0,
            0.0,
            0.0,
            0.0,
            0.0,
            0.0,
            0.4161570062576174,
            0.24483381529773177,
            0.6251854133432804,
            1.7132262941697904,
            0.677419618134442,
            0.47872195758959746,
            0.12595038353543214,
            0.0,
            0.0,
            0.0,
            0.0,
            0.0,
            0.0,
            0.0,
            0.0,
            0.0
        ],
        [
            0.0,
            0.0,
            0.0,
            0.0,
            0.0,
            0.0,
            0.0,
            0.0,
            0.0,
            0.0,
            0.0,
            0.0,
            0.0,
            0.0,
            0.0,
            0.35772704179102466,
            0.770519219917902,
            0.677419618134442,
            1.7132262941697904,
            0.49760271632166597,
            0.802775977066481,
            0.5195716568812802,
            0.0,
            0.0,
            0.0,
            0.0,
            0.0,
            0.0,
            0.0,
            0.0
        ],
        [
            0.0,
            0.0,
            0.0,
            0.0,
            0.0,
            0.0,
            0.0,
            0.0,
            0.0,
            0.0,
            0.0,
            0.0,
            0.0,
            0.0,
            0.0,
            0.0,
            0.5410078276901588,
            0.47872195758959746,
            0.49760271632166597,
            1.7132262941697904,
            0.3582900296486361,
            0.3091155554716708,
            0.6116003215892244,
            0.0,
            0.0,
            0.0,
            0.0,
            0.0,
            0.0,
            0.0
        ],
        [
            0.0,
            0.0,
            0.0,
            0.0,
            0.0,
            0.0,
            0.0,
            0.0,
            0.0,
            0.0,
            0.0,
            0.0,
            0.0,
            0.0,
            0.0,
            0.0,
            0.0,
            0.12595038353543214,
            0.802775977066481,
            0.3582900296486361,
            1.7132262941697904,
            0.6654099568830272,
            0.14259222097117902,
            0.4422469717341271,
            0.0,
            0.0,
            0.0,
            0.0,
            0.0,
            0.0
        ],
        [
            0.0,
            0.0,
            0.0,
            0.0,
            0.0,
            0.0,
            0.0,
            0.0,
            0.0,
            0.0,
            0.0,
            0.0,
            0.0,
            0.0,
            0.0,
            0.0,
            0.0,
            0.0,
            0.5195716568812802,
            0.3091155554716708,
            0.6654099568830272,
            1.7132262941697904,
            0.6714622829080721,
            0.7054020288788089,
            0.1234266618315993,
            0.0,
            0.0,
            0.0,
            0.0,
            0.0
        ],
        [
            0.0,
            0.0,
            0.0,
            0.0,
            0.0,
            0.0,
            0.0,
            0.0,
            0.0,
            0.0,
            0.0,
            0.0,
            0.0,
            0.0,
            0.0,
            0.0,
            0.0,
            0.0,
            0.0,
            0.6116003215892244,
            0.14259222097117902,
            0.6714622829080721,
            1.7132262941697904,
            0.5623577627863136,
            0.6047532702810028,
            0.6229435080875376,
            0.0,
            0.0,
            0.0,
            0.0
        ],
        [
            0.0,
            0.0,
            0.0,
            0.0,
            0.0,
            0.0,
            0.0,
            0.0,
            0.0,
            0.0,
            0.0,
            0.0,
            0.0,
            0.0,
            0.0,
            0.0,
            0.0,
            0.0,
            0.0,
            0.0,
            0.4422469717341271,
            0.7054020288788089,
            0.5623577627863136,
            1.7132262941697904,
            0.8107901918272669,
            0.419123541143274,
            0.6611064942993063,
            0.0,
            0.0,
            0.0
        ],
        [
            0.0,
            0.0,
            0.0,
            0.0,
            0.0,
            0.0,
            0.0,
            0.0,
            0.0,
            0.0,
            0.0,
            0.0,
            0.0,
            0.0,
            0.0,
            0.0,
            0.0,
            0.0,
            0.0,
            0.0,
            0.0,
            0.1234266618315993,
            0.6047532702810028,
            0.8107901918272669,
            1.7132262941697904,
            0.7820373178880372,
            0.8261995221391112,
            0.6258854901161975,
            0.0,
            0.0
        ],
        [
            0.0,
            0.0,
            0.0,
            0.0,
            0.0,
            0.0,
            0.0,
            0.0,
            0.0,
            0.0,
            0.0,
            0.0,
            0.0,
            0.0,
            0.0,
            0.0,
            0.0,
            0.0,
            0.0,
            0.0,
            0.0,
            0.0,
            0.6229435080875376,
            0.419123541143274,
            0.7820373178880372,
            1.7132262941697904,
            0.5210954219197489,
            0.2090359518349658,
            0.19260800723609234,
            0.0
        ],
        [
            0.0,
            0.0,
            0.0,
            0.0,
            0.0,
            0.0,
            0.0,
            0.0,
            0.0,
            0.0,
            0.0,
            0.0,
            0.0,
            0.0,
            0.0,
            0.0,
            0.0,
            0.0,
            0.0,
            0.0,
            0.0,
            0.0,
            0.0,
            0.6611064942993063,
            0.8261995221391112,
            0.5210954219197489,
            1.7132262941697904,
            0.12004535580825088,
            0.443700129877139,
            0.8450960510175383
        ],
        [
            0.0,
            0.0,
            0.0,
            0.0,
            0.0,
            0.0,
            0.0,
            0.0,
            0.0,
            0.0,
            0.0,
            0.0,
            0.0,
            0.0,
            0.0,
            0.0,
            0.0,
            0.0,
            0.0,
            0.0,
            0.0,
            0.0,
            0.0,
            0.0,
            0.6258854901161975,
            0.2090359518349658,
            0.12004535580825088,
            1.7132262941697904,
            0.8832073920947557,
            0.5526285894203038
        ],
        [
            0.0,
            0.0,
            0.0,
            0.0,
            0.0,
            0.0,
            0.0,
            0.0,
            0.0,
            0.0,
            0.0,
            0.0,
            0.0,
            0.0,
            0.0,
            0.0,
            0.0,
            0.0,
            0.0,
            0.0,
            0.0,
            0.0,
            0.0,
            0.0,
            0.0,
            0.19260800723609234,
            0.443700129877139,
            0.8832073920947557,
            1.7132262941697904,
            0.3936454819340707
        ],
        [
            0.0,
            0.0,
            0.0,
            0.0,
            0.0,
            0.0,
            0.0,
            0.0,
            0.0,
            0.0,
            0.0,
            0.0,
            0.0,
            0.0,
            0.0,
            0.0,
            0.0,
            0.0,
            0.0,
            0.0,
            0.0,
            0.0,
            0.0,
            0.0,
            0.0,
            0.0,
            0.8450960510175383,
            0.5526285894203038,
            0.3936454819340707,
            1.7132262941697904
        ]
    ],
    "sample_scaling": 1000.0,
    "rho": 2.0,
    "max_iter": 200,
    "tol": 0.0001,
    "threshold": 0.01,
    "log_dir": "experiment_logs/7/n_30_scale_1000.0"
}